1	1.05	0	0	0	-nan
1	1.1	1260	1	52	-nan
2	1.1	0	0	0	-nan
1	1.15	1260	1	52	-nan
2	1.15	129	2	51	0
1	1.2	9838	7	54	0
2	1.2	129	2	51	0
1	1.25	9838	7	54	0
2	1.25	350	6	52	0
1	1.3	22026	16	55	0
2	1.3	408	7	51	0
1	1.35	25114	19	52	0
2	1.35	1178	16	51	0
1	1.4	25283	22	51	0
2	1.4	1491	20	51	0
1	1.45	25404	24	51	0
2	1.45	1746	23	51	0
1	1.5	25404	24	51	0
2	1.5	1916	25	52	0
1	1.55	27050	27	52	0
2	1.55	1916	25	52	0
1	1.6	27112	28	53	0
2	1.6	2086	27	53	0
1	1.65	27176	29	53	0
2	1.65	2256	29	53	0
1	1.7	28760	31	52	0
2	1.7	2341	30	52	0
1	1.75	28824	32	52	0
2	1.75	2511	32	52	0
1	1.8	28952	34	52	0
2	1.8	2596	33	52	0
1	1.85	29016	35	52	0
2	1.85	2766	35	52	0
1	1.9	29080	36	53	0
2	1.9	2851	36	53	0
1	1.95	29144	37	53	0
2	1.95	2936	37	53	0
1	2	29213	38	52	0
2	2	3021	38	52	0
1	2.05	29277	39	52	0
2	2.05	3106	39	52	0
1	2.1	29405	41	52	0
2	2.1	3191	40	52	0
1	2.15	29405	41	52	0
2	2.15	3361	42	52	0
1	2.2	29533	43	53	0
2	2.2	3361	42	52	0
1	2.25	29597	44	53	0
2	2.25	3531	44	53	0
1	2.3	29661	45	50	0
2	2.3	3616	45	50	0
1	2.35	29725	46	50	0
2	2.35	3701	46	50	0
1	2.4	29789	47	52	0
2	2.4	3786	47	52	0
1	2.45	29922	49	52	0
2	2.45	3871	48	52	0
1	2.5	29986	50	52	0
2	2.5	4041	50	52	0
1	2.55	30050	51	52	0
2	2.55	4126	51	52	0
1	2.6	30114	52	53	0
2	2.6	4211	52	53	0
1	2.65	30178	53	53	0
2	2.65	4296	53	53	0
1	2.7	30242	54	52	0
2	2.7	4381	54	52	0
1	2.75	30370	56	52	0
2	2.75	4466	55	52	0
1	2.8	30434	57	54	0
2	2.8	4636	57	54	0
1	2.85	30498	58	54	0
2	2.85	4636	57	54	0
1	2.9	30562	59	51	0
2	2.9	4806	59	51	0
1	2.95	30631	60	51	0
2	2.95	4891	60	51	0
1	3	30759	62	50	0
2	3	4976	61	50	0
1	3.05	30759	62	50	0
2	3.05	5146	63	50	0
1	3.1	30887	64	53	0
2	3.1	5146	63	50	0
1	3.15	30951	65	53	0
2	3.15	5316	65	53	0
1	3.2	31017	66	52	0
2	3.2	5401	66	52	0
1	3.25	31083	67	52	0
2	3.25	5486	67	52	0
1	3.3	31149	68	50	0
2	3.3	5571	68	50	0
1	3.35	31281	70	50	0
2	3.35	5656	69	50	0
1	3.4	31352	71	52	0
2	3.4	5826	71	52	0
1	3.45	31418	72	52	0
2	3.45	5911	72	52	0
1	3.5	31484	73	51	0
2	3.5	5996	73	51	0
1	3.55	31550	74	51	0
2	3.55	6081	74	51	0
1	3.6	31682	76	50	0
2	3.6	6166	75	50	0
1	3.65	31748	77	50	0
2	3.65	6336	77	50	0
1	3.7	31814	78	53	0
2	3.7	6421	78	53	0
1	3.75	31880	79	53	0
2	3.75	6421	78	53	0
1	3.8	31946	80	52	0
2	3.8	6591	80	52	0
1	3.85	32012	81	52	0
2	3.85	6676	81	52	0
1	3.9	32149	83	51	0
2	3.9	6761	82	51	0
1	3.95	32149	83	51	0
2	3.95	6931	84	51	0
1	4	32281	85	51	0
2	4	6931	84	51	0
1	4.05	32347	86	51	0
2	4.05	7101	86	51	0
1	4.1	32413	87	52	0
2	4.1	7186	87	52	0
1	4.15	32545	89	52	0
2	4.15	7271	88	52	0
1	4.2	32545	89	52	0
2	4.2	7356	89	52	0
1	4.25	32677	91	52	0
2	4.25	7441	90	52	0
1	4.3	32743	92	53	0
2	4.3	7611	92	53	0
1	4.35	32814	93	53	0
2	4.35	7696	93	53	0
1	4.4	32880	94	51	0
2	4.4	7781	94	51	0
1	4.45	32946	95	51	0
2	4.45	7866	95	51	0
1	4.5	33010	96	53	0
2	4.5	7951	96	53	0
1	4.55	33076	97	53	0
2	4.55	8036	97	53	0
1	4.6	33076	97	53	0
2	4.6	8121	98	53	0
1	4.65	33142	98	53	0
2	4.65	8121	98	53	0
1	4.7	33208	99	51	0
2	4.7	8206	99	51	0
1	4.75	33274	100	51	0
2	4.75	8291	100	51	0
1	4.8	33340	101	54	0
2	4.8	8376	101	54	0
1	4.85	33340	101	54	0
2	4.85	8376	101	54	0
1	4.9	33406	102	53	0
2	4.9	8461	102	54	0
1	4.95	33472	103	53	0
2	4.95	8546	103	53	0
1	5	33543	104	52	0
2	5	8631	104	52	0
1	5.05	33543	104	52	0
2	5.05	8716	105	52	0
1	5.1	33609	105	54	0
2	5.1	8716	105	52	0
1	5.15	33675	106	54	0
2	5.15	8801	106	54	0
1	5.2	33741	107	52	0
2	5.2	8886	107	52	0
1	5.25	33741	107	52	0
2	5.25	8971	108	52	0
1	5.3	33807	108	51	0
2	5.3	8971	108	52	0
1	5.35	33873	109	51	0
2	5.35	9056	109	51	0
1	5.4	33939	110	53	0
2	5.4	9141	110	53	0
1	5.45	33939	110	53	0
2	5.45	9226	111	53	0
1	5.5	34005	111	53	0
2	5.5	9226	111	53	0
1	5.55	34071	112	51	0
2	5.55	9311	112	51	0
1	5.6	34137	113	53	0
2	5.6	9396	113	53	0
1	5.65	34203	114	53	0
2	5.65	9481	114	53	0
1	5.7	34203	114	53	0
2	5.7	9566	115	52	0
1	5.75	34274	115	52	0
2	5.75	9566	115	52	0
1	5.8	34340	116	51	0
2	5.8	9651	116	51	0
1	5.85	34406	117	51	0
2	5.85	9736	117	51	0
1	5.9	34406	117	51	0
2	5.9	9821	118	54	0
1	5.95	34472	118	54	0
2	5.95	9821	118	54	0
1	6	34538	119	52	0
2	6	9906	119	52	0
1	6.05	34604	120	52	0
2	6.05	9991	120	52	0
1	6.1	34604	120	52	0
2	6.1	10076	121	52	0
1	6.15	34670	121	52	0
2	6.15	10076	121	52	0
1	6.2	34736	122	52	0
2	6.2	10161	122	52	0
1	6.25	34802	123	52	0
2	6.25	10246	123	52	0
1	6.3	34868	124	51	0
2	6.3	10331	124	51	0
1	6.35	34868	124	51	0
2	6.35	10416	125	51	0
1	6.4	34934	125	53	0
2	6.4	10416	125	51	0
1	6.45	35005	126	53	0
2	6.45	10501	126	53	0
1	6.5	35071	127	54	0
2	6.5	10586	127	54	0
1	6.55	35071	127	54	0
2	6.55	10671	128	54	0
1	6.6	35137	128	54	0
2	6.6	10671	128	54	0
1	6.65	35203	129	52	0
2	6.65	10756	129	52	0
1	6.7	35269	130	53	0
2	6.7	10841	130	53	0
1	6.75	35269	130	53	0
2	6.75	10926	131	53	0
1	6.8	35335	131	53	0
2	6.8	10926	131	53	0
1	6.85	35401	132	53	0
2	6.85	11011	132	53	0
1	6.9	35467	133	50	0
2	6.9	11096	133	50	0
1	6.95	35533	134	50	0
2	6.95	11181	134	50	0
1	7	35533	134	50	0
2	7	11266	135	50	0
1	7.05	35599	135	50	0
2	7.05	11266	135	50	0
1	7.1	35665	136	50	0
2	7.1	11351	136	50	0
1	7.15	35736	137	50	0
2	7.15	11436	137	50	0
1	7.2	35802	138	51	0
2	7.2	11521	138	51	0
1	7.25	35802	138	51	0
2	7.25	11606	139	51	0
1	7.3	35868	139	54	0
2	7.3	11606	139	51	0
1	7.35	35934	140	54	0
2	7.35	11691	140	54	0
1	7.4	36000	141	53	0
2	7.4	11776	141	53	0
1	7.45	36000	141	53	0
2	7.45	11861	142	53	0
1	7.5	36066	142	53	0
2	7.5	11861	142	53	0
1	7.55	36132	143	51	0
2	7.55	11946	143	51	0
1	7.6	36198	144	52	0
2	7.6	12031	144	52	0
1	7.65	36198	144	52	0
2	7.65	12116	145	52	0
1	7.7	36264	145	54	0
2	7.7	12116	145	52	0
1	7.75	36330	146	54	0
2	7.75	12201	146	54	0
1	7.8	36396	147	50	0
2	7.8	12286	147	50	0
1	7.85	36467	148	50	0
2	7.85	12371	148	50	0
1	7.9	36467	148	50	0
2	7.9	12456	149	53	0
1	7.95	36533	149	53	0
2	7.95	12456	149	53	0
1	8	36599	150	52	0
2	8	12541	150	52	0
1	8.05	36665	151	52	0
2	8.05	12626	151	52	0
1	8.1	36731	152	50	0
2	8.1	12711	152	50	0
1	8.15	36731	152	50	0
2	8.15	12796	153	50	0
1	8.2	36797	153	54	0
2	8.2	12796	153	50	0
1	8.25	36863	154	54	0
2	8.25	12881	154	54	0
1	8.3	36863	154	54	0
2	8.3	12966	155	53	0
1	8.35	36929	155	53	0
2	8.35	12966	155	53	0
1	8.4	36995	156	54	0
2	8.4	13051	156	54	0
1	8.45	37061	157	54	0
2	8.45	13136	157	54	0
1	8.5	37127	158	51	0
2	8.5	13221	158	51	0
1	8.55	37127	158	51	0
2	8.55	13306	159	51	0
1	8.6	37198	159	54	0
2	8.6	13306	159	51	0
1	8.65	37264	160	54	0
2	8.65	13391	160	54	0
1	8.7	37330	161	52	0
2	8.7	13476	161	52	0
1	8.75	37396	162	52	0
2	8.75	13476	161	52	0
1	8.8	37396	162	52	0
2	8.8	13646	163	51	0
1	8.85	37462	163	51	0
2	8.85	13646	163	51	0
1	8.9	37528	164	50	0
2	8.9	13731	164	50	0
1	8.95	37528	164	50	0
2	8.95	13816	165	50	0
1	9	37594	165	54	0
2	9	13816	165	50	0
1	9.05	37660	166	54	0
2	9.05	13901	166	54	0
1	9.1	37726	167	54	0
2	9.1	13986	167	54	0
1	9.15	37792	168	54	0
2	9.15	14071	168	54	0
1	9.2	37792	168	54	0
2	9.2	14156	169	54	0
1	9.25	37858	169	54	0
2	9.25	14156	169	54	0
1	9.3	37929	170	53	0
2	9.3	14241	170	53	0
1	9.35	37929	170	53	0
2	9.35	14326	171	53	0
1	9.4	38061	172	53	0
2	9.4	14326	171	53	0
1	9.45	38061	172	53	0
2	9.45	14411	172	53	0
1	9.5	38127	173	51	0
2	9.5	14496	173	53	0
1	9.55	38193	174	51	0
2	9.55	14581	174	51	0
1	9.6	38193	174	51	0
2	9.6	14666	175	51	0
1	9.65	38259	175	51	0
2	9.65	14666	175	51	0
1	9.7	38325	176	50	0
2	9.7	14751	176	50	0
1	9.75	38391	177	50	0
2	9.75	14836	177	50	0
1	9.8	38457	178	54	0
2	9.8	14921	178	54	0
1	9.85	38457	178	54	0
2	9.85	15006	179	54	0
1	9.9	38523	179	52	0
2	9.9	15006	179	54	0
1	9.95	38589	180	52	0
2	9.95	15091	180	52	0
1	10	38660	181	51	0
2	10	15176	181	51	0
1	10.05	38726	182	51	0
2	10.05	15261	182	51	0
1	10.1	38726	182	51	0
2	10.1	15346	183	54	0
1	10.15	38792	183	54	0
2	10.15	15346	183	54	0
1	10.2	38858	184	54	0
2	10.2	15431	184	54	0
1	10.25	38858	184	54	0
2	10.25	15516	185	54	0
1	10.3	38924	185	54	0
2	10.3	15516	185	54	0
1	10.35	38990	186	54	0
2	10.35	15601	186	54	0
1	10.4	39056	187	54	0
2	10.4	15686	187	54	0
1	10.45	39122	188	54	0
2	10.45	15771	188	54	0
1	10.5	39122	188	54	0
2	10.5	15856	189	50	0
1	10.55	39188	189	50	0
2	10.55	15856	189	50	0
1	10.6	39254	190	51	0
2	10.6	15941	190	51	0
1	10.65	39320	191	51	0
2	10.65	16026	191	51	0
1	10.7	39391	192	50	0
2	10.7	16111	192	50	0
1	10.75	39391	192	50	0
2	10.75	16196	193	50	0
1	10.8	39457	193	50	0
2	10.8	16196	193	50	0
1	10.85	39523	194	50	0
2	10.85	16281	194	50	0
1	10.9	39589	195	50	0
2	10.9	16366	195	50	0
1	10.95	39655	196	50	0
2	10.95	16451	196	50	0
1	11	39655	196	50	0
2	11	16536	197	52	0
1	11.05	39721	197	52	0
2	11.05	16536	197	52	0
1	11.1	39787	198	54	0
2	11.1	16621	198	54	0
1	11.15	39787	198	54	0
2	11.15	16706	199	54	0
1	11.2	39853	199	50	0
2	11.2	16706	199	54	0
1	11.25	39919	200	50	0
2	11.25	16791	200	50	0
1	11.3	39985	201	53	0
2	11.3	16876	201	53	0
1	11.35	40051	202	53	0
2	11.35	16961	202	53	0
1	11.4	40051	202	53	0
2	11.4	17046	203	53	0
1	11.45	40122	203	53	0
2	11.45	17046	203	53	0
1	11.5	40188	204	52	0
2	11.5	17131	204	52	0
1	11.55	40254	205	52	0
2	11.55	17216	205	52	0
1	11.6	40320	206	51	0
2	11.6	17301	206	51	0
1	11.65	40320	206	51	0
2	11.65	17386	207	51	0
1	11.7	40386	207	54	0
2	11.7	17386	207	51	0
1	11.75	40452	208	54	0
2	11.75	17471	208	54	0
1	11.8	40452	208	54	0
2	11.8	17556	209	52	0
1	11.85	40518	209	52	0
2	11.85	17556	209	52	0
1	11.9	40584	210	54	0
2	11.9	17641	210	54	0
1	11.95	40650	211	54	0
2	11.95	17726	211	54	0
1	12	40716	212	54	0
2	12	17811	212	54	0
1	12.05	40716	212	54	0
2	12.05	17896	213	54	0
1	12.1	40782	213	54	0
2	12.1	17896	213	54	0
1	12.15	40853	214	54	0
2	12.15	17981	214	54	0
1	12.2	40853	214	54	0
2	12.2	18066	215	50	0
1	12.25	40985	216	50	0
2	12.25	18066	215	50	0
1	12.3	40985	216	50	0
2	12.3	18236	217	52	0
1	12.35	41051	217	52	0
2	12.35	18236	217	52	0
1	12.4	41117	218	51	0
2	12.4	18321	218	51	0
1	12.45	41117	218	51	0
2	12.45	18406	219	51	0
1	12.5	41183	219	50	0
2	12.5	18406	219	51	0
1	12.55	41249	220	50	0
2	12.55	18491	220	50	0
1	12.6	41315	221	54	0
2	12.6	18576	221	54	0
1	12.65	41381	222	54	0
2	12.65	18661	222	54	0
1	12.7	41381	222	54	0
2	12.7	18746	223	52	0
1	12.75	41447	223	52	0
2	12.75	18746	223	52	0
1	12.8	41513	224	51	0
2	12.8	18831	224	51	0
1	12.85	41584	225	51	0
2	12.85	18916	225	51	0
1	12.9	41650	226	53	0
2	12.9	19001	226	53	0
1	12.95	41650	226	53	0
2	12.95	19086	227	53	0
1	13	41716	227	53	0
2	13	19086	227	53	0
1	13.05	41782	228	53	0
2	13.05	19171	228	53	0
1	13.1	41782	228	53	0
2	13.1	19256	229	50	0
1	13.15	41914	230	50	0
2	13.15	19256	229	50	0
1	13.2	41914	230	50	0
2	13.2	19341	230	54	0
1	13.25	41980	231	54	0
2	13.25	19426	231	54	0
1	13.3	42046	232	53	0
2	13.3	19511	232	53	0
1	13.35	42046	232	53	0
2	13.35	19596	233	53	0
1	13.4	42112	233	50	0
2	13.4	19596	233	53	0
1	13.45	42178	234	50	0
2	13.45	19681	234	50	0
1	13.5	42244	235	54	0
2	13.5	19766	235	54	0
1	13.55	42315	236	54	0
2	13.55	19851	236	54	0
1	13.6	42315	236	54	0
2	13.6	19936	237	51	0
1	13.65	42381	237	51	0
2	13.65	19936	237	51	0
1	13.7	42447	238	52	0
2	13.7	20021	238	52	0
1	13.75	42447	238	52	0
2	13.75	20106	239	52	0
1	13.8	42513	239	52	0
2	13.8	20106	239	52	0
1	13.85	42579	240	52	0
2	13.85	20191	240	52	0
1	13.9	42645	241	52	0
2	13.9	20276	241	52	0
1	13.95	42711	242	52	0
2	13.95	20361	242	52	0
1	14	42711	242	52	0
2	14	20446	243	51	0
1	14.05	42777	243	51	0
2	14.05	20446	243	51	0
1	14.1	42843	244	50	0
2	14.1	20531	244	50	0
1	14.15	42909	245	50	0
2	14.15	20616	245	50	0
1	14.2	42975	246	54	0
2	14.2	20701	246	54	0
1	14.25	42975	246	54	0
2	14.25	20786	247	54	0
1	14.3	43046	247	52	0
2	14.3	20786	247	54	0
1	14.35	43112	248	52	0
2	14.35	20871	248	52	0
1	14.4	43178	249	51	0
2	14.4	20956	249	51	0
1	14.45	43244	250	51	0
2	14.45	21041	250	51	0
1	14.5	43244	250	51	0
2	14.5	21126	251	52	0
1	14.55	43310	251	52	0
2	14.55	21126	251	52	0
1	14.6	43376	252	50	0
2	14.6	21211	252	50	0
1	14.65	43442	253	50	0
2	14.65	21296	253	50	0
1	14.7	43508	254	50	0
2	14.7	21381	254	50	0
1	14.75	43508	254	50	0
2	14.75	21466	255	50	0
1	14.8	43574	255	54	0
2	14.8	21466	255	50	0
1	14.85	43641	256	54	0
2	14.85	21552	256	54	0
1	14.9	43641	256	54	0
2	14.9	21638	257	50	0
1	14.95	43708	257	50	0
2	14.95	21638	257	50	0
1	15	43780	258	53	0
2	15	21724	258	53	0
1	15.05	43847	259	53	0
2	15.05	21810	259	53	0
1	15.1	43914	260	53	0
2	15.1	21896	260	53	0
1	15.15	43914	260	53	0
2	15.15	21982	261	53	0
1	15.2	43981	261	50	0
2	15.2	21982	261	53	0
1	15.25	44048	262	50	0
2	15.25	22068	262	50	0
1	15.3	44115	263	53	0
2	15.3	22154	263	53	0
1	15.35	44182	264	53	0
2	15.35	22240	264	53	0
1	15.4	44182	264	53	0
2	15.4	22326	265	52	0
1	15.45	44249	265	52	0
2	15.45	22326	265	52	0
1	15.5	44316	266	53	0
2	15.5	22412	266	53	0
1	15.55	44316	266	53	0
2	15.55	22498	267	53	0
1	15.6	44383	267	54	0
2	15.6	22498	267	53	0
1	15.65	44450	268	54	0
2	15.65	22584	268	54	0
1	15.7	44522	269	52	0
2	15.7	22670	269	52	0
1	15.75	44589	270	52	0
2	15.75	22756	270	52	0
1	15.8	44589	270	52	0
2	15.8	22842	271	53	0
1	15.85	44656	271	53	0
2	15.85	22842	271	53	0
1	15.9	44723	272	53	0
2	15.9	22928	272	53	0
1	15.95	44723	272	53	0
2	15.95	23014	273	53	0
1	16	44857	274	51	0
2	16	23014	273	53	0
1	16.05	44857	274	51	0
2	16.05	23186	275	51	0
1	16.1	44924	275	52	0
2	16.1	23186	275	51	0
1	16.15	44991	276	52	0
2	16.15	23272	276	52	0
1	16.2	44991	276	52	0
2	16.2	23358	277	53	0
1	16.25	45058	277	53	0
2	16.25	23358	277	53	0
1	16.3	45125	278	51	0
2	16.3	23444	278	51	0
1	16.35	45192	279	51	0
2	16.35	23530	279	51	0
1	16.4	45264	280	53	0
2	16.4	23616	280	53	0
1	16.45	45264	280	53	0
2	16.45	23702	281	53	0
1	16.5	45331	281	50	0
2	16.5	23702	281	53	0
1	16.55	45398	282	50	0
2	16.55	23788	282	50	0
1	16.6	45465	283	54	0
2	16.6	23874	283	54	0
1	16.65	45532	284	54	0
2	16.65	23960	284	54	0
1	16.7	45532	284	54	0
2	16.7	24046	285	53	0
1	16.75	45599	285	53	0
2	16.75	24046	285	53	0
1	16.8	45666	286	54	0
2	16.8	24132	286	54	0
1	16.85	45666	286	54	0
2	16.85	24218	287	54	0
1	16.9	45733	287	51	0
2	16.9	24218	287	54	0
1	16.95	45800	288	51	0
2	16.95	24304	288	51	0
1	17	45867	289	54	0
2	17	24390	289	54	0
1	17.05	45934	290	54	0
2	17.05	24476	290	54	0
1	17.1	45934	290	54	0
2	17.1	24562	291	54	0
1	17.15	46006	291	54	0
2	17.15	24562	291	54	0
1	17.2	46073	292	53	0
2	17.2	24648	292	53	0
1	17.25	46073	292	53	0
2	17.25	24734	293	53	0
1	17.3	46140	293	53	0
2	17.3	24734	293	53	0
1	17.35	46207	294	53	0
2	17.35	24820	294	53	0
1	17.4	46274	295	51	0
2	17.4	24906	295	51	0
1	17.45	46341	296	51	0
2	17.45	24992	296	51	0
1	17.5	46341	296	51	0
2	17.5	25078	297	51	0
1	17.55	46408	297	51	0
2	17.55	25078	297	51	0
1	17.6	46475	298	54	0
2	17.6	25164	298	54	0
1	17.65	46542	299	54	0
2	17.65	25250	299	54	0
1	17.7	46609	300	54	0
2	17.7	25336	300	54	0
1	17.75	46609	300	54	0
2	17.75	25422	301	54	0
1	17.8	46676	301	51	0
2	17.8	25422	301	54	0
1	17.85	46748	302	51	0
2	17.85	25508	302	51	0
1	17.9	46815	303	51	0
2	17.9	25594	303	51	0
1	17.95	46815	303	51	0
2	17.95	25680	304	51	0
1	18	46882	304	52	0
2	18	25680	304	51	0
1	18.05	46949	305	52	0
2	18.05	25766	305	52	0
1	18.1	47016	306	51	0
2	18.1	25852	306	51	0
1	18.15	47016	306	51	0
2	18.15	25938	307	51	0
1	18.2	47083	307	51	0
2	18.2	25938	307	51	0
1	18.25	47150	308	51	0
2	18.25	26024	308	51	0
1	18.3	47217	309	50	0
2	18.3	26110	309	50	0
1	18.35	47284	310	50	0
2	18.35	26196	310	50	0
1	18.4	47284	310	50	0
2	18.4	26282	311	53	0
1	18.45	47351	311	53	0
2	18.45	26282	311	53	0
1	18.5	47418	312	54	0
2	18.5	26368	312	54	0
1	18.55	47490	313	54	0
2	18.55	26454	313	54	0
1	18.6	47557	314	52	0
2	18.6	26540	314	52	0
1	18.65	47557	314	52	0
2	18.65	26626	315	52	0
1	18.7	47624	315	54	0
2	18.7	26626	315	52	0
1	18.75	47691	316	54	0
2	18.75	26712	316	54	0
1	18.8	47691	316	54	0
2	18.8	26798	317	54	0
1	18.85	47758	317	54	0
2	18.85	26798	317	54	0
1	18.9	47825	318	51	0
2	18.9	26884	318	51	0
1	18.95	47892	319	51	0
2	18.95	26970	319	51	0
1	19	47959	320	51	0
2	19	27056	320	51	0
1	19.05	47959	320	51	0
2	19.05	27142	321	51	0
1	19.1	48026	321	53	0
2	19.1	27142	321	51	0
1	19.15	48093	322	53	0
2	19.15	27228	322	53	0
1	19.2	48160	323	52	0
2	19.2	27314	323	52	0
1	19.25	48232	324	52	0
2	19.25	27400	324	52	0
1	19.3	48232	324	52	0
2	19.3	27486	325	53	0
1	19.35	48299	325	53	0
2	19.35	27486	325	53	0
1	19.4	48366	326	51	0
2	19.4	27572	326	51	0
1	19.45	48366	326	51	0
2	19.45	27658	327	51	0
1	19.5	48433	327	51	0
2	19.5	27658	327	51	0
1	19.55	48500	328	53	0
2	19.55	27744	328	53	0
1	19.6	48567	329	53	0
2	19.6	27830	329	53	0
1	19.65	48634	330	53	0
2	19.65	27916	330	53	0
1	19.7	48634	330	53	0
2	19.7	28002	331	52	0
1	19.75	48701	331	52	0
2	19.75	28002	331	52	0
1	19.8	48768	332	51	0
2	19.8	28088	332	51	0
1	19.85	48835	333	51	0
2	19.85	28174	333	51	0
1	19.9	48902	334	51	0
2	19.9	28260	334	51	0
1	19.95	48902	334	51	0
2	19.95	28346	335	51	0
1	20	48974	335	50	0
2	20	28346	335	51	0
1	20.05	49041	336	50	0
2	20.05	28432	336	50	0
1	20.1	49108	337	53	0
2	20.1	28518	337	53	0
1	20.15	49175	338	53	0
2	20.15	28604	338	53	0
1	20.2	49175	338	53	0
2	20.2	28690	339	50	0
1	20.25	49242	339	50	0
2	20.25	28690	339	50	0
1	20.3	49309	340	54	0
2	20.3	28776	340	54	0
1	20.35	49309	340	54	0
2	20.35	28862	341	54	0
1	20.4	49376	341	50	0
2	20.4	28862	341	54	0
1	20.45	49443	342	50	0
2	20.45	28948	342	50	0
1	20.5	49510	343	50	0
2	20.5	29034	343	50	0
1	20.55	49577	344	50	0
2	20.55	29120	344	50	0
1	20.6	49577	344	50	0
2	20.6	29206	345	51	0
1	20.65	49644	345	51	0
2	20.65	29206	345	51	0
1	20.7	49716	346	54	0
2	20.7	29292	346	54	0
1	20.75	49783	347	54	0
2	20.75	29378	347	54	0
1	20.8	49850	348	51	0
2	20.8	29464	348	51	0
1	20.85	49850	348	51	0
2	20.85	29550	349	51	0
1	20.9	49917	349	52	0
2	20.9	29550	349	51	0
1	20.95	49984	350	52	0
2	20.95	29636	350	52	0
1	21	50051	351	51	0
2	21	29722	351	51	0
1	21.05	50118	352	51	0
2	21.05	29808	352	51	0
1	21.1	50118	352	51	0
2	21.1	29808	352	51	0
1	21.15	50185	353	54	0
2	21.15	29894	353	54	0
1	21.2	50252	354	51	0
2	21.2	29980	354	51	0
1	21.25	50252	354	51	0
2	21.25	30066	355	51	0
1	21.3	50319	355	51	0
2	21.3	30066	355	51	0
1	21.35	50386	356	51	0
2	21.35	30152	356	51	0
1	21.4	50458	357	51	0
2	21.4	30238	357	51	0
1	21.45	50525	358	51	0
2	21.45	30324	358	51	0
1	21.5	50525	358	51	0
2	21.5	30410	359	51	0
1	21.55	50592	359	51	0
2	21.55	30410	359	51	0
1	21.6	50659	360	53	0
2	21.6	30496	360	53	0
1	21.65	50726	361	53	0
2	21.65	30582	361	53	0
1	21.7	50793	362	52	0
2	21.7	30668	362	52	0
1	21.75	50793	362	52	0
2	21.75	30754	363	52	0
1	21.8	50860	363	52	0
2	21.8	30754	363	52	0
1	21.85	50927	364	52	0
2	21.85	30840	364	52	0
1	21.9	50994	365	52	0
2	21.9	30926	365	52	0
1	21.95	51061	366	52	0
2	21.95	31012	366	52	0
1	22	51061	366	52	0
2	22	31012	366	52	0
1	22.05	51128	367	53	0
2	22.05	31098	367	53	0
1	22.1	51200	368	52	0
2	22.1	31184	368	52	0
1	22.15	51200	368	52	0
2	22.15	31270	369	52	0
1	22.2	51267	369	53	0
2	22.2	31270	369	52	0
1	22.25	51334	370	53	0
2	22.25	31356	370	53	0
1	22.3	51401	371	54	0
2	22.3	31442	371	54	0
1	22.35	51468	372	54	0
2	22.35	31528	372	54	0
1	22.4	51468	372	54	0
2	22.4	31614	373	53	0
1	22.45	51535	373	53	0
2	22.45	31614	373	53	0
1	22.5	51602	374	52	0
2	22.5	31700	374	52	0
1	22.55	51669	375	52	0
2	22.55	31786	375	52	0
1	22.6	51669	375	52	0
2	22.6	31786	375	52	0
1	22.65	51736	376	54	0
2	22.65	31872	376	54	0
1	22.7	51803	377	52	0
2	22.7	31958	377	52	0
1	22.75	51870	378	52	0
2	22.75	32044	378	52	0
1	22.8	51870	378	52	0
2	22.8	32130	379	52	0
1	22.85	51942	379	52	0
2	22.85	32130	379	52	0
1	22.9	52009	380	50	0
2	22.9	32216	380	50	0
1	22.95	52076	381	50	0
2	22.95	32302	381	50	0
1	23	52143	382	52	0
2	23	32388	382	52	0
1	23.05	52143	382	52	0
2	23.05	32474	383	52	0
1	23.1	52210	383	50	0
2	23.1	32474	383	52	0
1	23.15	52277	384	50	0
2	23.15	32560	384	50	0
1	23.2	52344	385	51	0
2	23.2	32646	385	51	0
1	23.25	52411	386	51	0
2	23.25	32732	386	51	0
1	23.3	52411	386	51	0
2	23.3	32818	387	51	0
1	23.35	52478	387	51	0
2	23.35	32818	387	51	0
1	23.4	52545	388	54	0
2	23.4	32904	388	54	0
1	23.45	52612	389	54	0
2	23.45	32990	389	54	0
1	23.5	52612	389	54	0
2	23.5	33076	390	51	0
1	23.55	52684	390	51	0
2	23.55	33076	390	51	0
1	23.6	52751	391	50	0
2	23.6	33162	391	50	0
1	23.65	52818	392	50	0
2	23.65	33248	392	50	0
1	23.7	52885	393	50	0
2	23.7	33334	393	50	0
1	23.75	52885	393	50	0
2	23.75	33334	393	50	0
1	23.8	52952	394	51	0
2	23.8	33420	394	50	0
1	23.85	53019	395	51	0
2	23.85	33506	395	51	0
1	23.9	53086	396	51	0
2	23.9	33592	396	51	0
1	23.95	53086	396	51	0
2	23.95	33678	397	51	0
1	24	53153	397	54	0
2	24	33678	397	51	0
1	24.05	53220	398	54	0
2	24.05	33764	398	54	0
1	24.1	53287	399	52	0
2	24.1	33850	399	52	0
1	24.15	53354	400	52	0
2	24.15	33936	400	52	0
1	24.2	53354	400	52	0
2	24.2	34022	401	54	0
1	24.25	53426	401	54	0
2	24.25	34022	401	54	0
1	24.3	53493	402	51	0
2	24.3	34108	402	51	0
1	24.35	53560	403	51	0
2	24.35	34194	403	51	0
1	24.4	53560	403	51	0
2	24.4	34280	404	52	0
1	24.45	53627	404	52	0
2	24.45	34280	404	52	0
1	24.5	53694	405	51	0
2	24.5	34366	405	51	0
1	24.55	53761	406	51	0
2	24.55	34452	406	51	0
1	24.6	53761	406	51	0
2	24.6	34538	407	52	0
1	24.65	53828	407	52	0
2	24.65	34538	407	52	0
1	24.7	53895	408	53	0
2	24.7	34624	408	53	0
1	24.75	53962	409	53	0
2	24.75	34710	409	53	0
1	24.8	54029	410	52	0
2	24.8	34796	410	52	0
1	24.85	54029	410	52	0
2	24.85	34882	411	52	0
1	24.9	54096	411	50	0
2	24.9	34882	411	52	0
1	24.95	54168	412	50	0
2	24.95	34968	412	50	0
1	25	54235	413	51	0
2	25	35054	413	51	0
1	25.05	54302	414	51	0
2	25.05	35140	414	51	0
1	25.1	54302	414	51	0
2	25.1	35226	415	52	0
1	25.15	54369	415	52	0
2	25.15	35226	415	52	0
1	25.2	54436	416	51	0
2	25.2	35312	416	51	0
1	25.25	54503	417	51	0
2	25.25	35398	417	51	0
1	25.3	54570	418	51	0
2	25.3	35484	418	51	0
1	25.35	54570	418	51	0
2	25.35	35570	419	51	0
1	25.4	54637	419	53	0
2	25.4	35570	419	51	0
1	25.45	54704	420	53	0
2	25.45	35656	420	53	0
1	25.5	54704	420	53	0
2	25.5	35742	421	51	0
1	25.55	54771	421	51	0
2	25.55	35742	421	51	0
1	25.6	54838	422	53	0
2	25.6	35828	422	53	0
1	25.65	54910	423	53	0
2	25.65	35914	423	53	0
1	25.7	54977	424	54	0
2	25.7	36000	424	54	0
1	25.75	54977	424	54	0
2	25.75	36086	425	54	0
1	25.8	55044	425	50	0
2	25.8	36086	425	54	0
1	25.85	55111	426	50	0
2	25.85	36172	426	50	0
1	25.9	55178	427	50	0
2	25.9	36258	427	50	0
1	25.95	55245	428	50	0
2	25.95	36344	428	50	0
1	26	55245	428	50	0
2	26	36430	429	54	0
1	26.05	55312	429	54	0
2	26.05	36430	429	54	0
1	26.1	55379	430	54	0
2	26.1	36516	430	54	0
1	26.15	55446	431	54	0
2	26.15	36602	431	54	0
1	26.2	55446	431	54	0
2	26.2	36688	432	50	0
1	26.25	55513	432	50	0
2	26.25	36688	432	50	0
1	26.3	55580	433	50	0
2	26.3	36774	433	50	0
1	26.35	55652	434	50	0
2	26.35	36860	434	50	0
1	26.4	55652	434	50	0
2	26.4	36946	435	54	0
1	26.45	55719	435	54	0
2	26.45	36946	435	54	0
1	26.5	55786	436	53	0
2	26.5	37032	436	53	0
1	26.55	55853	437	53	0
2	26.55	37118	437	53	0
1	26.6	55920	438	54	0
2	26.6	37204	438	54	0
1	26.65	55920	438	54	0
2	26.65	37290	439	54	0
1	26.7	55987	439	52	0
2	26.7	37290	439	54	0
1	26.75	56054	440	52	0
2	26.75	37376	440	52	0
1	26.8	56121	441	52	0
2	26.8	37462	441	52	0
1	26.85	56121	441	52	0
2	26.85	37548	442	52	0
1	26.9	56188	442	50	0
2	26.9	37548	442	52	0
1	26.95	56255	443	50	0
2	26.95	37634	443	50	0
1	27	56322	444	52	0
2	27	37720	444	52	0
1	27.05	56322	444	52	0
2	27.05	37806	445	52	0
1	27.1	56394	445	54	0
2	27.1	37806	445	52	0
1	27.15	56461	446	54	0
2	27.15	37892	446	54	0
1	27.2	56528	447	52	0
2	27.2	37978	447	52	0
1	27.25	56595	448	52	0
2	27.25	38064	448	52	0
1	27.3	56595	448	52	0
2	27.3	38150	449	54	0
1	27.35	56662	449	54	0
2	27.35	38150	449	54	0
1	27.4	56729	450	51	0
2	27.4	38236	450	51	0
1	27.45	56796	451	51	0
2	27.45	38322	451	51	0
1	27.5	56796	451	51	0
2	27.5	38408	452	52	0
1	27.55	56863	452	52	0
2	27.55	38408	452	52	0
1	27.6	56930	453	50	0
2	27.6	38494	453	50	0
1	27.65	56997	454	50	0
2	27.65	38580	454	50	0
1	27.7	57064	455	51	0
2	27.7	38666	455	51	0
1	27.75	57064	455	51	0
2	27.75	38752	456	51	0
1	27.8	57136	456	50	0
2	27.8	38752	456	51	0
1	27.85	57203	457	50	0
2	27.85	38838	457	50	0
1	27.9	57270	458	54	0
2	27.9	38924	458	54	0
1	27.95	57270	458	54	0
2	27.95	39010	459	54	0
1	28	57337	459	52	0
2	28	39010	459	54	0
1	28.05	57404	460	52	0
2	28.05	39096	460	52	0
1	28.1	57471	461	54	0
2	28.1	39182	461	54	0
1	28.15	57538	462	54	0
2	28.15	39268	462	54	0
1	28.2	57538	462	54	0
2	28.2	39354	463	53	0
1	28.25	57605	463	53	0
2	28.25	39354	463	53	0
1	28.3	57672	464	53	0
2	28.3	39440	464	53	0
1	28.35	57739	465	53	0
2	28.35	39526	465	53	0
1	28.4	57739	465	53	0
2	28.4	39526	465	53	0
1	28.45	57806	466	53	0
2	28.45	39612	466	53	0
1	28.5	57878	467	54	0
2	28.5	39698	467	54	0
1	28.55	57945	468	54	0
2	28.55	39784	468	54	0
1	28.6	57945	468	54	0
2	28.6	39870	469	54	0
1	28.65	58012	469	54	0
2	28.65	39870	469	54	0
1	28.7	58079	470	53	0
2	28.7	39956	470	53	0
1	28.75	58146	471	53	0
2	28.75	40042	471	53	0
1	28.8	58146	471	53	0
2	28.8	40128	472	53	0
1	28.85	58213	472	53	0
2	28.85	40128	472	53	0
1	28.9	58280	473	54	0
2	28.9	40214	473	54	0
1	28.95	58347	474	54	0
2	28.95	40300	474	54	0
1	29	58347	474	54	0
2	29	40386	475	51	0
1	29.05	58414	475	51	0
2	29.05	40386	475	51	0
1	29.1	58481	476	51	0
2	29.1	40472	476	51	0
1	29.15	58548	477	51	0
2	29.15	40558	477	51	0
1	29.2	58620	478	53	0
2	29.2	40644	478	53	0
1	29.25	58620	478	53	0
2	29.25	40730	479	53	0
1	29.3	58687	479	53	0
2	29.3	40730	479	53	0
1	29.35	58754	480	53	0
2	29.35	40816	480	53	0
1	29.4	58821	481	50	0
2	29.4	40902	481	50	0
1	29.45	58821	481	50	0
2	29.45	40988	482	50	0
1	29.5	58888	482	53	0
2	29.5	40988	482	50	0
1	29.55	58955	483	53	0
2	29.55	41074	483	53	0
1	29.6	59022	484	53	0
2	29.6	41160	484	53	0
1	29.65	59022	484	53	0
2	29.65	41246	485	53	0
1	29.7	59089	485	50	0
2	29.7	41246	485	53	0
1	29.75	59156	486	50	0
2	29.75	41332	486	50	0
1	29.8	59223	487	51	0
2	29.8	41418	487	51	0
1	29.85	59290	488	51	0
2	29.85	41504	488	51	0
1	29.9	59290	488	51	0
2	29.9	41590	489	50	0
1	29.95	59362	489	50	0
2	29.95	41590	489	50	0
