11.100416
4.540055
6.324915
8.514795
6.014983
12.208383
6.786826
11.373470
3.341392
6.664174
14.290210
6.952397
10.550030
9.159576
16.600509
10.474798
14.711808
13.540136
7.113914
5.208135
17.291734
14.395225
15.484064
5.698998
16.866363
3.056124
14.119703
11.626777
10.258695
5.265741
7.003430
1.737469
2.433388
7.020258
10.067861
7.983803
14.349503
8.051310
13.723884
2.598535
7.725075
9.826417
8.018870
9.664441
10.992947
12.862500
10.292882
10.767032
8.299652
15.939826
10.690014
9.934983
7.708742
8.944645
9.634149
11.415828
14.433923
13.151922
10.237592
12.416602
3.709170
10.256488
3.796664
5.816906
12.485302
12.975423
8.633615
9.434493
10.927367
13.717671
1.718094
3.258858
4.064098
14.554888
15.472866
8.735278
5.772223
7.394703
3.989726
12.305494
10.920682
14.726328
11.386524
4.764936
10.094384
5.405210
13.440535
13.830210
10.188818
14.069817
16.031056
16.076794
10.861577
9.629265
6.592648
9.486135
3.987132
11.557270
12.152717
8.330289
2.728011
15.762262
3.002771
2.255456
14.760968
3.479351
8.147415
7.669363
5.601793
6.344323
9.830580
7.329305
5.799150
9.856579
14.971306
8.013428
14.790714
8.583888
11.147701
7.476133
