Time	CellId	RNTI	BWPId	SINR(dB)
0.405	2	1	0	40.8507
0.405	4	1	2	41.2644
0.406	2	1	0	40.8507
0.406	4	1	2	41.2644
0.406929	2	1	0	40.8507
0.406929	4	1	2	41.2644
0.41	2	1	0	40.8507
0.41	4	1	2	41.2644
0.411	2	1	0	40.8507
0.411	4	1	2	41.2644
0.411929	2	1	0	40.8507
0.411929	4	1	2	41.2644
0.415	2	1	0	40.8507
0.415	4	1	2	41.2644
0.416	2	1	0	40.8507
0.416	4	1	2	41.2644
0.416929	2	1	0	40.8507
0.416929	4	1	2	41.2644
0.42	2	1	0	40.8507
0.42	4	1	2	41.2644
0.421	2	1	0	40.8507
0.421	4	1	2	41.2644
0.421929	2	1	0	40.8507
0.421929	4	1	2	41.2644
0.425	2	1	0	40.8507
0.425	4	1	2	41.2644
0.426	2	1	0	40.8507
0.426	4	1	2	41.2644
0.426929	2	1	0	40.8507
0.426929	4	1	2	41.2644
0.43	2	1	0	40.8507
0.43	4	1	2	41.2644
0.431	2	1	0	40.8507
0.431	4	1	2	41.2644
0.431929	2	1	0	40.8507
0.431929	4	1	2	41.2644
0.435	2	1	0	40.8507
0.435	4	1	2	41.2644
0.436	2	1	0	40.8507
0.436	4	1	2	41.2644
0.436929	2	1	0	40.8507
0.436929	4	1	2	41.2644
0.44	2	1	0	40.8507
0.44	4	1	2	41.2644
0.441	2	1	0	40.8507
0.441	4	1	2	41.2644
0.441929	2	1	0	40.8507
0.441929	4	1	2	41.2644
0.445	2	1	0	40.8507
0.445	4	1	2	41.2644
0.446	2	1	0	40.8507
0.446	4	1	2	41.2644
0.446929	2	1	0	40.8507
0.446929	4	1	2	41.2644
0.45	2	1	0	40.8507
0.45	4	1	2	41.2644
0.451	2	1	0	40.8507
0.451	4	1	2	41.2644
0.451929	2	1	0	40.8507
0.451929	4	1	2	41.2644
0.455	2	1	0	40.8507
0.455	4	1	2	41.2644
0.456	2	1	0	40.8507
0.456	4	1	2	41.2644
0.456929	2	1	0	40.8507
0.456929	4	1	2	41.2644
0.46	2	1	0	40.8507
0.46	4	1	2	41.2644
0.461	2	1	0	40.8507
0.461	4	1	2	41.2644
0.461929	2	1	0	40.8507
0.461929	4	1	2	41.2644
0.465	2	1	0	40.8507
0.465	4	1	2	41.2644
0.466	2	1	0	40.8507
0.466	4	1	2	41.2644
0.466929	2	1	0	40.8507
0.466929	4	1	2	41.2644
0.47	2	1	0	40.8507
0.47	4	1	2	41.2644
0.471	2	1	0	40.8507
0.471	4	1	2	41.2644
0.471929	2	1	0	40.8507
0.471929	4	1	2	41.2644
0.475	2	1	0	40.8507
0.475	4	1	2	41.2644
0.476	2	1	0	40.8507
0.476	4	1	2	41.2644
0.476929	2	1	0	40.8507
0.476929	4	1	2	41.2644
0.48	2	1	0	40.8507
0.48	4	1	2	41.2644
0.481	2	1	0	40.8507
0.481	4	1	2	41.2644
0.481929	2	1	0	40.8507
0.481929	4	1	2	41.2644
0.485	2	1	0	40.8507
0.485	4	1	2	41.2644
0.486	2	1	0	40.8507
0.486	4	1	2	41.2644
0.486929	2	1	0	40.8507
0.486929	4	1	2	41.2644
0.49	2	1	0	40.8507
0.49	4	1	2	41.2644
0.491	2	1	0	40.8507
0.491	4	1	2	41.2644
0.491929	2	1	0	40.8507
0.491929	4	1	2	41.2644
0.495	2	1	0	40.8507
0.495	4	1	2	41.2644
0.496	2	1	0	40.8507
0.496	4	1	2	41.2644
0.496929	2	1	0	40.8507
0.496929	4	1	2	41.2644
0.5	2	1	0	40.8507
0.5	4	1	2	41.2644
0.501	2	1	0	40.8507
0.501	4	1	2	41.2644
0.501929	2	1	0	40.8507
0.501929	4	1	2	41.2644
0.505	2	1	0	40.8507
0.505	4	1	2	41.2644
0.506	2	1	0	40.8507
0.506	4	1	2	41.2644
0.506929	2	1	0	40.8507
0.506929	4	1	2	41.2644
0.51	2	1	0	40.8507
0.51	4	1	2	41.2644
0.511	2	1	0	40.8507
0.511	4	1	2	41.2644
0.511929	2	1	0	40.8507
0.511929	4	1	2	41.2644
0.515	2	1	0	40.8507
0.515	4	1	2	41.2644
0.516	2	1	0	40.8507
0.516	4	1	2	41.2644
0.516929	2	1	0	40.8507
0.516929	4	1	2	41.2644
0.52	2	1	0	40.8507
0.52	4	1	2	41.2644
0.521	2	1	0	40.8507
0.521	4	1	2	41.2644
0.521929	2	1	0	40.8507
0.521929	4	1	2	41.2644
0.525	2	1	0	40.8507
0.525	4	1	2	41.2644
0.526	2	1	0	40.8507
0.526	4	1	2	41.2644
0.526929	2	1	0	40.8507
0.526929	4	1	2	41.2644
0.53	2	1	0	40.8507
0.53	4	1	2	41.2644
0.531	2	1	0	40.8507
0.531	4	1	2	41.2644
0.531929	2	1	0	40.8507
0.531929	4	1	2	41.2644
0.535	2	1	0	40.8507
0.535	4	1	2	41.2644
0.536	2	1	0	40.8507
0.536	4	1	2	41.2644
0.536929	2	1	0	40.8507
0.536929	4	1	2	41.2644
0.54	2	1	0	40.8507
0.54	4	1	2	41.2644
0.541	2	1	0	40.8507
0.541	4	1	2	41.2644
0.541929	2	1	0	40.8507
0.541929	4	1	2	41.2644
0.545	2	1	0	40.8507
0.545	4	1	2	41.2644
0.546	2	1	0	40.8507
0.546	4	1	2	41.2644
0.546929	2	1	0	40.8507
0.546929	4	1	2	41.2644
0.55	2	1	0	40.8507
0.55	4	1	2	41.2644
0.551	2	1	0	40.8507
0.551	4	1	2	41.2644
0.551929	2	1	0	40.8507
0.551929	4	1	2	41.2644
0.555	2	1	0	40.8507
0.555	4	1	2	41.2644
0.556	2	1	0	40.8507
0.556	4	1	2	41.2644
0.556929	2	1	0	40.8507
0.556929	4	1	2	41.2644
0.56	2	1	0	40.8507
0.56	4	1	2	41.2644
0.561	2	1	0	40.8507
0.561	4	1	2	41.2644
0.561929	2	1	0	40.8507
0.561929	4	1	2	41.2644
0.565	2	1	0	40.8507
0.565	4	1	2	41.2644
0.566	2	1	0	40.8507
0.566	4	1	2	41.2644
0.566929	2	1	0	40.8507
0.566929	4	1	2	41.2644
0.57	2	1	0	40.8507
0.57	4	1	2	41.2644
0.571	2	1	0	40.8507
0.571	4	1	2	41.2644
0.571929	2	1	0	40.8507
0.571929	4	1	2	41.2644
0.575	2	1	0	40.8507
0.575	4	1	2	41.2644
0.576	2	1	0	40.8507
0.576	4	1	2	41.2644
0.576929	2	1	0	40.8507
0.576929	4	1	2	41.2644
0.58	2	1	0	40.8507
0.58	4	1	2	41.2644
0.581	2	1	0	40.8507
0.581	4	1	2	41.2644
0.581929	2	1	0	40.8507
0.581929	4	1	2	41.2644
0.585	2	1	0	40.8507
0.585	4	1	2	41.2644
0.586	2	1	0	40.8507
0.586	4	1	2	41.2644
0.586929	2	1	0	40.8507
0.586929	4	1	2	41.2644
0.59	2	1	0	40.8507
0.59	4	1	2	41.2644
0.591	2	1	0	40.8507
0.591	4	1	2	41.2644
0.591929	2	1	0	40.8507
0.591929	4	1	2	41.2644
0.595	2	1	0	40.8507
0.595	4	1	2	41.2644
0.596	2	1	0	40.8507
0.596	4	1	2	41.2644
0.596929	2	1	0	40.8507
0.596929	4	1	2	41.2644
0.6	2	1	0	40.8507
0.6	4	1	2	41.2644
0.601	2	1	0	40.8507
0.601	4	1	2	41.2644
0.601929	2	1	0	40.8507
0.601929	4	1	2	41.2644
0.605	2	1	0	40.8507
0.605	4	1	2	41.2644
0.606	2	1	0	40.8507
0.606	4	1	2	41.2644
0.606929	2	1	0	40.8507
0.606929	4	1	2	41.2644
0.61	2	1	0	40.8507
0.61	4	1	2	41.2644
0.611	2	1	0	40.8507
0.611	4	1	2	41.2644
0.611929	2	1	0	40.8507
0.611929	4	1	2	41.2644
0.615	2	1	0	40.8507
0.615	4	1	2	41.2644
0.616	2	1	0	40.8507
0.616	4	1	2	41.2644
0.616929	2	1	0	40.8507
0.616929	4	1	2	41.2644
0.62	2	1	0	40.8507
0.62	4	1	2	41.2644
0.621	2	1	0	40.8507
0.621	4	1	2	41.2644
0.621929	2	1	0	40.8507
0.621929	4	1	2	41.2644
0.625	2	1	0	40.8507
0.625	4	1	2	41.2644
0.626	2	1	0	40.8507
0.626	4	1	2	41.2644
0.626929	2	1	0	40.8507
0.626929	4	1	2	41.2644
0.63	2	1	0	40.8507
0.63	4	1	2	41.2644
0.631	2	1	0	40.8507
0.631	4	1	2	41.2644
0.631929	2	1	0	40.8507
0.631929	4	1	2	41.2644
0.635	2	1	0	40.8507
0.635	4	1	2	41.2644
0.636	2	1	0	40.8507
0.636	4	1	2	41.2644
0.636929	2	1	0	40.8507
0.636929	4	1	2	41.2644
0.64	2	1	0	40.8507
0.64	4	1	2	41.2644
0.641	2	1	0	40.8507
0.641	4	1	2	41.2644
0.641929	2	1	0	40.8507
0.641929	4	1	2	41.2644
0.645	2	1	0	40.8507
0.645	4	1	2	41.2644
0.646	2	1	0	40.8507
0.646	4	1	2	41.2644
0.646929	2	1	0	40.8507
0.646929	4	1	2	41.2644
0.65	2	1	0	40.8507
0.65	4	1	2	41.2644
0.651	2	1	0	40.8507
0.651	4	1	2	41.2644
0.651929	2	1	0	40.8507
0.651929	4	1	2	41.2644
0.655	2	1	0	40.8507
0.655	4	1	2	41.2644
0.656	2	1	0	40.8507
0.656	4	1	2	41.2644
0.656929	2	1	0	40.8507
0.656929	4	1	2	41.2644
0.66	2	1	0	40.8507
0.66	4	1	2	41.2644
0.661	2	1	0	40.8507
0.661	4	1	2	41.2644
0.661929	2	1	0	40.8507
0.661929	4	1	2	41.2644
0.665	2	1	0	40.8507
0.665	4	1	2	41.2644
0.666	2	1	0	40.8507
0.666	4	1	2	41.2644
0.666929	2	1	0	40.8507
0.666929	4	1	2	41.2644
0.67	2	1	0	40.8507
0.67	4	1	2	41.2644
0.671	2	1	0	40.8507
0.671	4	1	2	41.2644
0.671929	2	1	0	40.8507
0.671929	4	1	2	41.2644
0.675	2	1	0	40.8507
0.675	4	1	2	41.2644
0.676	2	1	0	40.8507
0.676	4	1	2	41.2644
0.676929	2	1	0	40.8507
0.676929	4	1	2	41.2644
0.68	2	1	0	40.8507
0.68	4	1	2	41.2644
0.681	2	1	0	40.8507
0.681	4	1	2	41.2644
0.681929	2	1	0	40.8507
0.681929	4	1	2	41.2644
0.685	2	1	0	40.8507
0.685	4	1	2	41.2644
0.686	2	1	0	40.8507
0.686	4	1	2	41.2644
0.686929	2	1	0	40.8507
0.686929	4	1	2	41.2644
0.69	2	1	0	40.8507
0.69	4	1	2	41.2644
0.691	2	1	0	40.8507
0.691	4	1	2	41.2644
0.691929	2	1	0	40.8507
0.691929	4	1	2	41.2644
0.695	2	1	0	40.8507
0.695	4	1	2	41.2644
0.696	2	1	0	40.8507
0.696	4	1	2	41.2644
0.696929	2	1	0	40.8507
0.696929	4	1	2	41.2644
0.7	2	1	0	40.8507
0.7	4	1	2	41.2644
0.701	2	1	0	40.8507
0.701	4	1	2	41.2644
0.701929	2	1	0	40.8507
0.701929	4	1	2	41.2644
0.705	2	1	0	40.8507
0.705	4	1	2	41.2644
0.706	2	1	0	40.8507
0.706	4	1	2	41.2644
0.706929	2	1	0	40.8507
0.706929	4	1	2	41.2644
0.71	2	1	0	40.8507
0.71	4	1	2	41.2644
0.711	2	1	0	40.8507
0.711	4	1	2	41.2644
0.711929	2	1	0	40.8507
0.711929	4	1	2	41.2644
0.715	2	1	0	40.8507
0.715	4	1	2	41.2644
0.716	2	1	0	40.8507
0.716	4	1	2	41.2644
0.716929	2	1	0	40.8507
0.716929	4	1	2	41.2644
0.72	2	1	0	40.8507
0.72	4	1	2	41.2644
0.721	2	1	0	40.8507
0.721	4	1	2	41.2644
0.721929	2	1	0	40.8507
0.721929	4	1	2	41.2644
0.725	2	1	0	40.8507
0.725	4	1	2	41.2644
0.726	2	1	0	40.8507
0.726	4	1	2	41.2644
0.726929	2	1	0	40.8507
0.726929	4	1	2	41.2644
0.73	2	1	0	40.8507
0.73	4	1	2	41.2644
0.731	2	1	0	40.8507
0.731	4	1	2	41.2644
0.731929	2	1	0	40.8507
0.731929	4	1	2	41.2644
0.735	2	1	0	40.8507
0.735	4	1	2	41.2644
0.736	2	1	0	40.8507
0.736	4	1	2	41.2644
0.736929	2	1	0	40.8507
0.736929	4	1	2	41.2644
0.74	2	1	0	40.8507
0.74	4	1	2	41.2644
0.741	2	1	0	40.8507
0.741	4	1	2	41.2644
0.741929	2	1	0	40.8507
0.741929	4	1	2	41.2644
0.745	2	1	0	40.8507
0.745	4	1	2	41.2644
0.746	2	1	0	40.8507
0.746	4	1	2	41.2644
0.746929	2	1	0	40.8507
0.746929	4	1	2	41.2644
0.75	2	1	0	40.8507
0.75	4	1	2	41.2644
0.751	2	1	0	40.8507
0.751	4	1	2	41.2644
0.751929	2	1	0	40.8507
0.751929	4	1	2	41.2644
0.755	2	1	0	40.8507
0.755	4	1	2	41.2644
0.756	2	1	0	40.8507
0.756	4	1	2	41.2644
0.756929	2	1	0	40.8507
0.756929	4	1	2	41.2644
0.76	2	1	0	40.8507
0.76	4	1	2	41.2644
0.761	2	1	0	40.8507
0.761	4	1	2	41.2644
0.761929	2	1	0	40.8507
0.761929	4	1	2	41.2644
0.765	2	1	0	40.8507
0.765	4	1	2	41.2644
0.766	2	1	0	40.8507
0.766	4	1	2	41.2644
0.766929	2	1	0	40.8507
0.766929	4	1	2	41.2644
0.77	2	1	0	40.8507
0.77	4	1	2	41.2644
0.771	2	1	0	40.8507
0.771	4	1	2	41.2644
0.771929	2	1	0	40.8507
0.771929	4	1	2	41.2644
0.775	2	1	0	40.8507
0.775	4	1	2	41.2644
0.776	2	1	0	40.8507
0.776	4	1	2	41.2644
0.776929	2	1	0	40.8507
0.776929	4	1	2	41.2644
0.78	2	1	0	40.8507
0.78	4	1	2	41.2644
0.781	2	1	0	40.8507
0.781	4	1	2	41.2644
0.781929	2	1	0	40.8507
0.781929	4	1	2	41.2644
0.785	2	1	0	40.8507
0.785	4	1	2	41.2644
0.786	2	1	0	40.8507
0.786	4	1	2	41.2644
0.786929	2	1	0	40.8507
0.786929	4	1	2	41.2644
0.79	2	1	0	40.8507
0.79	4	1	2	41.2644
0.791	2	1	0	40.8507
0.791	4	1	2	41.2644
0.791929	2	1	0	40.8507
0.791929	4	1	2	41.2644
0.795	2	1	0	40.8507
0.795	4	1	2	41.2644
0.796	2	1	0	40.8507
0.796	4	1	2	41.2644
0.796929	2	1	0	40.8507
0.796929	4	1	2	41.2644
0.8	2	1	0	40.8507
0.8	4	1	2	41.2644
0.801	2	1	0	40.8507
0.801	4	1	2	41.2644
0.801929	2	1	0	40.8507
0.801929	4	1	2	41.2644
0.805	2	1	0	40.8507
0.805	4	1	2	41.2644
0.806	2	1	0	40.8507
0.806	4	1	2	41.2644
0.806929	2	1	0	40.8507
0.806929	4	1	2	41.2644
0.81	2	1	0	40.8507
0.81	4	1	2	41.2644
0.811	2	1	0	40.8507
0.811	4	1	2	41.2644
0.811929	2	1	0	40.8507
0.811929	4	1	2	41.2644
0.815	2	1	0	40.8507
0.815	4	1	2	41.2644
0.816	2	1	0	40.8507
0.816	4	1	2	41.2644
0.816929	2	1	0	40.8507
0.816929	4	1	2	41.2644
0.82	2	1	0	40.8507
0.82	4	1	2	41.2644
0.821	2	1	0	40.8507
0.821	4	1	2	41.2644
0.821929	2	1	0	40.8507
0.821929	4	1	2	41.2644
0.825	2	1	0	40.8507
0.825	4	1	2	41.2644
0.826	2	1	0	40.8507
0.826	4	1	2	41.2644
0.826929	2	1	0	40.8507
0.826929	4	1	2	41.2644
0.83	2	1	0	40.8507
0.83	4	1	2	41.2644
0.831	2	1	0	40.8507
0.831	4	1	2	41.2644
0.831929	2	1	0	40.8507
0.831929	4	1	2	41.2644
0.835	2	1	0	40.8507
0.835	4	1	2	41.2644
0.836	2	1	0	40.8507
0.836	4	1	2	41.2644
0.836929	2	1	0	40.8507
0.836929	4	1	2	41.2644
0.84	2	1	0	40.8507
0.84	4	1	2	41.2644
0.841	2	1	0	40.8507
0.841	4	1	2	41.2644
0.841929	2	1	0	40.8507
0.841929	4	1	2	41.2644
0.845	2	1	0	40.8507
0.845	4	1	2	41.2644
0.846	2	1	0	40.8507
0.846	4	1	2	41.2644
0.846929	2	1	0	40.8507
0.846929	4	1	2	41.2644
0.85	2	1	0	40.8507
0.85	4	1	2	41.2644
0.851	2	1	0	40.8507
0.851	4	1	2	41.2644
0.851929	2	1	0	40.8507
0.851929	4	1	2	41.2644
0.855	2	1	0	40.8507
0.855	4	1	2	41.2644
0.856	2	1	0	40.8507
0.856	4	1	2	41.2644
0.856929	2	1	0	40.8507
0.856929	4	1	2	41.2644
0.86	2	1	0	40.8507
0.86	4	1	2	41.2644
0.861	2	1	0	40.8507
0.861	4	1	2	41.2644
0.861929	2	1	0	40.8507
0.861929	4	1	2	41.2644
0.865	2	1	0	40.8507
0.865	4	1	2	41.2644
0.866	2	1	0	40.8507
0.866	4	1	2	41.2644
0.866929	2	1	0	40.8507
0.866929	4	1	2	41.2644
0.87	2	1	0	40.8507
0.87	4	1	2	41.2644
0.871	2	1	0	40.8507
0.871	4	1	2	41.2644
0.871929	2	1	0	40.8507
0.871929	4	1	2	41.2644
0.875	2	1	0	40.8507
0.875	4	1	2	41.2644
0.876	2	1	0	40.8507
0.876	4	1	2	41.2644
0.876929	2	1	0	40.8507
0.876929	4	1	2	41.2644
0.88	2	1	0	40.8507
0.88	4	1	2	41.2644
0.881	2	1	0	40.8507
0.881	4	1	2	41.2644
0.881929	2	1	0	40.8507
0.881929	4	1	2	41.2644
0.885	2	1	0	40.8507
0.885	4	1	2	41.2644
0.886	2	1	0	40.8507
0.886	4	1	2	41.2644
0.886929	2	1	0	40.8507
0.886929	4	1	2	41.2644
0.89	2	1	0	40.8507
0.89	4	1	2	41.2644
0.891	2	1	0	40.8507
0.891	4	1	2	41.2644
0.891929	2	1	0	40.8507
0.891929	4	1	2	41.2644
0.895	2	1	0	40.8507
0.895	4	1	2	41.2644
0.896	2	1	0	40.8507
0.896	4	1	2	41.2644
0.896929	2	1	0	40.8507
0.896929	4	1	2	41.2644
0.9	2	1	0	40.8507
0.9	4	1	2	41.2644
0.901	2	1	0	40.8507
0.901	4	1	2	41.2644
0.901929	2	1	0	40.8507
0.901929	4	1	2	41.2644
0.905	2	1	0	40.8507
0.905	4	1	2	41.2644
0.906	2	1	0	40.8507
0.906	4	1	2	41.2644
0.906929	2	1	0	40.8507
0.906929	4	1	2	41.2644
0.91	2	1	0	40.8507
0.91	4	1	2	41.2644
0.911	2	1	0	40.8507
0.911	4	1	2	41.2644
0.911929	2	1	0	40.8507
0.911929	4	1	2	41.2644
0.915	2	1	0	40.8507
0.915	4	1	2	41.2644
0.916	2	1	0	40.8507
0.916	4	1	2	41.2644
0.916929	2	1	0	40.8507
0.916929	4	1	2	41.2644
0.92	2	1	0	40.8507
0.92	4	1	2	41.2644
0.921	2	1	0	40.8507
0.921	4	1	2	41.2644
0.921929	2	1	0	40.8507
0.921929	4	1	2	41.2644
0.925	2	1	0	40.8507
0.925	4	1	2	41.2644
0.926	2	1	0	40.8507
0.926	4	1	2	41.2644
0.926929	2	1	0	40.8507
0.926929	4	1	2	41.2644
0.93	2	1	0	40.8507
0.93	4	1	2	41.2644
0.931	2	1	0	40.8507
0.931	4	1	2	41.2644
0.931929	2	1	0	40.8507
0.931929	4	1	2	41.2644
0.935	2	1	0	40.8507
0.935	4	1	2	41.2644
0.936	2	1	0	40.8507
0.936	4	1	2	41.2644
0.936929	2	1	0	40.8507
0.936929	4	1	2	41.2644
0.94	2	1	0	40.8507
0.94	4	1	2	41.2644
0.941	2	1	0	40.8507
0.941	4	1	2	41.2644
0.941929	2	1	0	40.8507
0.941929	4	1	2	41.2644
0.945	2	1	0	40.8507
0.945	4	1	2	41.2644
0.946	2	1	0	40.8507
0.946	4	1	2	41.2644
0.946929	2	1	0	40.8507
0.946929	4	1	2	41.2644
0.95	2	1	0	40.8507
0.95	4	1	2	41.2644
0.951	2	1	0	40.8507
0.951	4	1	2	41.2644
0.951929	2	1	0	40.8507
0.951929	4	1	2	41.2644
0.955	2	1	0	40.8507
0.955	4	1	2	41.2644
0.956	2	1	0	40.8507
0.956	4	1	2	41.2644
0.956929	2	1	0	40.8507
0.956929	4	1	2	41.2644
0.96	2	1	0	40.8507
0.96	4	1	2	41.2644
0.961	2	1	0	40.8507
0.961	4	1	2	41.2644
0.961929	2	1	0	40.8507
0.961929	4	1	2	41.2644
0.965	2	1	0	40.8507
0.965	4	1	2	41.2644
0.966	2	1	0	40.8507
0.966	4	1	2	41.2644
0.966929	2	1	0	40.8507
0.966929	4	1	2	41.2644
0.97	2	1	0	40.8507
0.97	4	1	2	41.2644
0.971	2	1	0	40.8507
0.971	4	1	2	41.2644
0.971929	2	1	0	40.8507
0.971929	4	1	2	41.2644
0.975	2	1	0	40.8507
0.975	4	1	2	41.2644
0.976	2	1	0	40.8507
0.976	4	1	2	41.2644
0.976929	2	1	0	40.8507
0.976929	4	1	2	41.2644
0.98	2	1	0	40.8507
0.98	4	1	2	41.2644
0.981	2	1	0	40.8507
0.981	4	1	2	41.2644
0.981929	2	1	0	40.8507
0.981929	4	1	2	41.2644
0.985	2	1	0	40.8507
0.985	4	1	2	41.2644
0.986	2	1	0	40.8507
0.986	4	1	2	41.2644
0.986929	2	1	0	40.8507
0.986929	4	1	2	41.2644
0.99	2	1	0	40.8507
0.99	4	1	2	41.2644
0.991	2	1	0	40.8507
0.991	4	1	2	41.2644
0.991929	2	1	0	40.8507
0.991929	4	1	2	41.2644
0.995	2	1	0	40.8507
0.995	4	1	2	41.2644
0.996	2	1	0	40.8507
0.996	4	1	2	41.2644
0.996929	2	1	0	40.8507
0.996929	4	1	2	41.2644
1	2	1	0	40.8507
1	4	1	2	41.2644
1.001	2	1	0	40.8507
1.001	4	1	2	41.2644
1.00193	2	1	0	40.8507
1.00193	4	1	2	41.2644
1.005	2	1	0	40.8507
1.005	4	1	2	41.2644
1.006	2	1	0	40.8507
1.006	4	1	2	41.2644
1.00693	2	1	0	40.8507
1.00693	4	1	2	41.2644
1.01	2	1	0	40.8507
1.01	4	1	2	41.2644
1.011	2	1	0	40.8507
1.011	4	1	2	41.2644
1.01193	2	1	0	40.8507
1.01193	4	1	2	41.2644
1.015	2	1	0	40.8507
1.015	4	1	2	41.2644
1.016	2	1	0	40.8507
1.016	4	1	2	41.2644
1.01693	2	1	0	40.8507
1.01693	4	1	2	41.2644
1.02	2	1	0	40.8507
1.02	4	1	2	41.2644
1.021	2	1	0	40.8507
1.021	4	1	2	41.2644
1.02193	2	1	0	40.8507
1.02193	4	1	2	41.2644
1.025	2	1	0	40.8507
1.025	4	1	2	41.2644
1.026	2	1	0	40.8507
1.026	4	1	2	41.2644
1.02693	2	1	0	40.8507
1.02693	4	1	2	41.2644
1.03	2	1	0	40.8507
1.03	4	1	2	41.2644
1.031	2	1	0	40.8507
1.031	4	1	2	41.2644
1.03193	2	1	0	40.8507
1.03193	4	1	2	41.2644
1.035	2	1	0	40.8507
1.035	4	1	2	41.2644
1.036	2	1	0	40.8507
1.036	4	1	2	41.2644
1.03693	2	1	0	40.8507
1.03693	4	1	2	41.2644
1.04	2	1	0	40.8507
1.04	4	1	2	41.2644
1.041	2	1	0	40.8507
1.041	4	1	2	41.2644
1.04193	2	1	0	40.8507
1.04193	4	1	2	41.2644
1.045	2	1	0	40.8507
1.045	4	1	2	41.2644
1.046	2	1	0	40.8507
1.046	4	1	2	41.2644
1.04693	2	1	0	40.8507
1.04693	4	1	2	41.2644
1.05	2	1	0	40.8507
1.05	4	1	2	41.2644
1.051	2	1	0	40.8507
1.051	4	1	2	41.2644
1.05193	2	1	0	40.8507
1.05193	4	1	2	41.2644
1.055	2	1	0	40.8507
1.055	4	1	2	41.2644
1.056	2	1	0	40.8507
1.056	4	1	2	41.2644
1.05693	2	1	0	40.8507
1.05693	4	1	2	41.2644
1.06	2	1	0	40.8507
1.06	4	1	2	41.2644
1.061	2	1	0	40.8507
1.061	4	1	2	41.2644
1.06193	2	1	0	40.8507
1.06193	4	1	2	41.2644
1.065	2	1	0	40.8507
1.065	4	1	2	41.2644
1.066	2	1	0	40.8507
1.066	4	1	2	41.2644
1.06693	2	1	0	40.8507
1.06693	4	1	2	41.2644
1.07	2	1	0	40.8507
1.07	4	1	2	41.2644
1.071	2	1	0	40.8507
1.071	4	1	2	41.2644
1.07193	2	1	0	40.8507
1.07193	4	1	2	41.2644
1.075	2	1	0	40.8507
1.075	4	1	2	41.2644
1.076	2	1	0	40.8507
1.076	4	1	2	41.2644
1.07693	2	1	0	40.8507
1.07693	4	1	2	41.2644
1.08	2	1	0	40.8507
1.08	4	1	2	41.2644
1.081	2	1	0	40.8507
1.081	4	1	2	41.2644
1.08193	2	1	0	40.8507
1.08193	4	1	2	41.2644
1.085	2	1	0	40.8507
1.085	4	1	2	41.2644
1.086	2	1	0	40.8507
1.086	4	1	2	41.2644
1.08693	2	1	0	40.8507
1.08693	4	1	2	41.2644
1.09	2	1	0	40.8507
1.09	4	1	2	41.2644
1.091	2	1	0	40.8507
1.091	4	1	2	41.2644
1.09193	2	1	0	40.8507
1.09193	4	1	2	41.2644
1.095	2	1	0	40.8507
1.095	4	1	2	41.2644
1.096	2	1	0	40.8507
1.096	4	1	2	41.2644
1.09693	2	1	0	40.8507
1.09693	4	1	2	41.2644
1.1	2	1	0	40.8507
1.1	4	1	2	41.2644
1.101	2	1	0	40.8507
1.101	4	1	2	41.2644
1.10193	2	1	0	40.8507
1.10193	4	1	2	41.2644
1.105	2	1	0	40.8507
1.105	4	1	2	41.2644
1.106	2	1	0	40.8507
1.106	4	1	2	41.2644
1.10693	2	1	0	40.8507
1.10693	4	1	2	41.2644
1.11	2	1	0	40.8507
1.11	4	1	2	41.2644
1.111	2	1	0	40.8507
1.111	4	1	2	41.2644
1.11193	2	1	0	40.8507
1.11193	4	1	2	41.2644
1.115	2	1	0	40.8507
1.115	4	1	2	41.2644
1.116	2	1	0	40.8507
1.116	4	1	2	41.2644
1.11693	2	1	0	40.8507
1.11693	4	1	2	41.2644
1.12	2	1	0	40.8507
1.12	4	1	2	41.2644
1.121	2	1	0	40.8507
1.121	4	1	2	41.2644
1.12193	2	1	0	40.8507
1.12193	4	1	2	41.2644
1.125	2	1	0	40.8507
1.125	4	1	2	41.2644
1.126	2	1	0	40.8507
1.126	4	1	2	41.2644
1.12693	2	1	0	40.8507
1.12693	4	1	2	41.2644
1.13	2	1	0	40.8507
1.13	4	1	2	41.2644
1.131	2	1	0	40.8507
1.131	4	1	2	41.2644
1.13193	2	1	0	40.8507
1.13193	4	1	2	41.2644
1.135	2	1	0	40.8507
1.135	4	1	2	41.2644
1.136	2	1	0	40.8507
1.136	4	1	2	41.2644
1.13693	2	1	0	40.8507
1.13693	4	1	2	41.2644
1.14	2	1	0	40.8507
1.14	4	1	2	41.2644
1.141	2	1	0	40.8507
1.141	4	1	2	41.2644
1.14193	2	1	0	40.8507
1.14193	4	1	2	41.2644
1.145	2	1	0	40.8507
1.145	4	1	2	41.2644
1.146	2	1	0	40.8507
1.146	4	1	2	41.2644
1.14693	2	1	0	40.8507
1.14693	4	1	2	41.2644
1.15	2	1	0	40.8507
1.15	4	1	2	41.2644
1.151	2	1	0	40.8507
1.151	4	1	2	41.2644
1.15193	2	1	0	40.8507
1.15193	4	1	2	41.2644
1.155	2	1	0	40.8507
1.155	4	1	2	41.2644
1.156	2	1	0	40.8507
1.156	4	1	2	41.2644
1.15693	2	1	0	40.8507
1.15693	4	1	2	41.2644
1.16	2	1	0	40.8507
1.16	4	1	2	41.2644
1.161	2	1	0	40.8507
1.161	4	1	2	41.2644
1.16193	2	1	0	40.8507
1.16193	4	1	2	41.2644
1.165	2	1	0	40.8507
1.165	4	1	2	41.2644
1.166	2	1	0	40.8507
1.166	4	1	2	41.2644
1.16693	2	1	0	40.8507
1.16693	4	1	2	41.2644
1.17	2	1	0	40.8507
1.17	4	1	2	41.2644
1.171	2	1	0	40.8507
1.171	4	1	2	41.2644
1.17193	2	1	0	40.8507
1.17193	4	1	2	41.2644
1.175	2	1	0	40.8507
1.175	4	1	2	41.2644
1.176	2	1	0	40.8507
1.176	4	1	2	41.2644
1.17693	2	1	0	40.8507
1.17693	4	1	2	41.2644
1.18	2	1	0	40.8507
1.18	4	1	2	41.2644
1.181	2	1	0	40.8507
1.181	4	1	2	41.2644
1.18193	2	1	0	40.8507
1.18193	4	1	2	41.2644
1.185	2	1	0	40.8507
1.185	4	1	2	41.2644
1.186	2	1	0	40.8507
1.186	4	1	2	41.2644
1.18693	2	1	0	40.8507
1.18693	4	1	2	41.2644
1.19	2	1	0	40.8507
1.19	4	1	2	41.2644
1.191	2	1	0	40.8507
1.191	4	1	2	41.2644
1.19193	2	1	0	40.8507
1.19193	4	1	2	41.2644
1.195	2	1	0	40.8507
1.195	4	1	2	41.2644
1.196	2	1	0	40.8507
1.196	4	1	2	41.2644
1.19693	2	1	0	40.8507
1.19693	4	1	2	41.2644
1.2	2	1	0	40.8507
1.2	4	1	2	41.2644
1.201	2	1	0	40.8507
1.201	4	1	2	41.2644
1.20193	2	1	0	40.8507
1.20193	4	1	2	41.2644
1.205	2	1	0	40.8507
1.205	4	1	2	41.2644
1.206	2	1	0	40.8507
1.206	4	1	2	41.2644
1.20693	2	1	0	40.8507
1.20693	4	1	2	41.2644
1.21	2	1	0	40.8507
1.21	4	1	2	41.2644
1.211	2	1	0	40.8507
1.211	4	1	2	41.2644
1.21193	2	1	0	40.8507
1.21193	4	1	2	41.2644
1.215	2	1	0	40.8507
1.215	4	1	2	41.2644
1.216	2	1	0	40.8507
1.216	4	1	2	41.2644
1.21693	2	1	0	40.8507
1.21693	4	1	2	41.2644
1.22	2	1	0	40.8507
1.22	4	1	2	41.2644
1.221	2	1	0	40.8507
1.221	4	1	2	41.2644
1.22193	2	1	0	40.8507
1.22193	4	1	2	41.2644
1.225	2	1	0	40.8507
1.225	4	1	2	41.2644
1.226	2	1	0	40.8507
1.226	4	1	2	41.2644
1.22693	2	1	0	40.8507
1.22693	4	1	2	41.2644
1.23	2	1	0	40.8507
1.23	4	1	2	41.2644
1.231	2	1	0	40.8507
1.231	4	1	2	41.2644
1.23193	2	1	0	40.8507
1.23193	4	1	2	41.2644
1.235	2	1	0	40.8507
1.235	4	1	2	41.2644
1.236	2	1	0	40.8507
1.236	4	1	2	41.2644
1.23693	2	1	0	40.8507
1.23693	4	1	2	41.2644
1.24	2	1	0	40.8507
1.24	4	1	2	41.2644
1.241	2	1	0	40.8507
1.241	4	1	2	41.2644
1.24193	2	1	0	40.8507
1.24193	4	1	2	41.2644
1.245	2	1	0	40.8507
1.245	4	1	2	41.2644
1.246	2	1	0	40.8507
1.246	4	1	2	41.2644
1.24693	2	1	0	40.8507
1.24693	4	1	2	41.2644
1.25	2	1	0	40.8507
1.25	4	1	2	41.2644
1.251	2	1	0	40.8507
1.251	4	1	2	41.2644
1.25193	2	1	0	40.8507
1.25193	4	1	2	41.2644
1.255	2	1	0	40.8507
1.255	4	1	2	41.2644
1.256	2	1	0	40.8507
1.256	4	1	2	41.2644
1.25693	2	1	0	40.8507
1.25693	4	1	2	41.2644
1.26	2	1	0	40.8507
1.26	4	1	2	41.2644
1.261	2	1	0	40.8507
1.261	4	1	2	41.2644
1.26193	2	1	0	40.8507
1.26193	4	1	2	41.2644
1.265	2	1	0	40.8507
1.265	4	1	2	41.2644
1.266	2	1	0	40.8507
1.266	4	1	2	41.2644
1.26693	2	1	0	40.8507
1.26693	4	1	2	41.2644
1.27	2	1	0	40.8507
1.27	4	1	2	41.2644
1.271	2	1	0	40.8507
1.271	4	1	2	41.2644
1.27193	2	1	0	40.8507
1.27193	4	1	2	41.2644
1.275	2	1	0	40.8507
1.275	4	1	2	41.2644
1.276	2	1	0	40.8507
1.276	4	1	2	41.2644
1.27693	2	1	0	40.8507
1.27693	4	1	2	41.2644
1.28	2	1	0	40.8507
1.28	4	1	2	41.2644
1.281	2	1	0	40.8507
1.281	4	1	2	41.2644
1.28193	2	1	0	40.8507
1.28193	4	1	2	41.2644
1.285	2	1	0	40.8507
1.285	4	1	2	41.2644
1.286	2	1	0	40.8507
1.286	4	1	2	41.2644
1.28693	2	1	0	40.8507
1.28693	4	1	2	41.2644
1.29	2	1	0	40.8507
1.29	4	1	2	41.2644
1.291	2	1	0	40.8507
1.291	4	1	2	41.2644
1.29193	2	1	0	40.8507
1.29193	4	1	2	41.2644
1.295	2	1	0	40.8507
1.295	4	1	2	41.2644
1.296	2	1	0	40.8507
1.296	4	1	2	41.2644
1.29693	2	1	0	40.8507
1.29693	4	1	2	41.2644
1.3	2	1	0	40.8507
1.3	4	1	2	41.2644
1.301	2	1	0	40.8507
1.301	4	1	2	41.2644
1.30193	2	1	0	40.8507
1.30193	4	1	2	41.2644
1.305	2	1	0	40.8507
1.305	4	1	2	41.2644
1.306	2	1	0	40.8507
1.306	4	1	2	41.2644
1.30693	2	1	0	40.8507
1.30693	4	1	2	41.2644
1.31	2	1	0	40.8507
1.31	4	1	2	41.2644
1.311	2	1	0	40.8507
1.311	4	1	2	41.2644
1.31193	2	1	0	40.8507
1.31193	4	1	2	41.2644
1.315	2	1	0	40.8507
1.315	4	1	2	41.2644
1.316	2	1	0	40.8507
1.316	4	1	2	41.2644
1.31693	2	1	0	40.8507
1.31693	4	1	2	41.2644
1.32	2	1	0	40.8507
1.32	4	1	2	41.2644
1.321	2	1	0	40.8507
1.321	4	1	2	41.2644
1.32193	2	1	0	40.8507
1.32193	4	1	2	41.2644
1.325	2	1	0	40.8507
1.325	4	1	2	41.2644
1.326	2	1	0	40.8507
1.326	4	1	2	41.2644
1.32693	2	1	0	40.8507
1.32693	4	1	2	41.2644
1.33	2	1	0	40.8507
1.33	4	1	2	41.2644
1.331	2	1	0	40.8507
1.331	4	1	2	41.2644
1.33193	2	1	0	40.8507
1.33193	4	1	2	41.2644
1.335	2	1	0	40.8507
1.335	4	1	2	41.2644
1.336	2	1	0	40.8507
1.336	4	1	2	41.2644
1.33693	2	1	0	40.8507
1.33693	4	1	2	41.2644
1.34	2	1	0	40.8507
1.34	4	1	2	41.2644
1.341	2	1	0	40.8507
1.341	4	1	2	41.2644
1.34193	2	1	0	40.8507
1.34193	4	1	2	41.2644
1.345	2	1	0	40.8507
1.345	4	1	2	41.2644
1.346	2	1	0	40.8507
1.346	4	1	2	41.2644
1.34693	2	1	0	40.8507
1.34693	4	1	2	41.2644
1.35	2	1	0	40.8507
1.35	4	1	2	41.2644
1.351	2	1	0	40.8507
1.351	4	1	2	41.2644
1.35193	2	1	0	40.8507
1.35193	4	1	2	41.2644
1.355	2	1	0	40.8507
1.355	4	1	2	41.2644
1.356	2	1	0	40.8507
1.356	4	1	2	41.2644
1.35693	2	1	0	40.8507
1.35693	4	1	2	41.2644
1.36	2	1	0	40.8507
1.36	4	1	2	41.2644
1.361	2	1	0	40.8507
1.361	4	1	2	41.2644
1.36193	2	1	0	40.8507
1.36193	4	1	2	41.2644
1.365	2	1	0	40.8507
1.365	4	1	2	41.2644
1.366	2	1	0	40.8507
1.366	4	1	2	41.2644
1.36693	2	1	0	40.8507
1.36693	4	1	2	41.2644
1.37	2	1	0	40.8507
1.37	4	1	2	41.2644
1.371	2	1	0	40.8507
1.371	4	1	2	41.2644
1.37193	2	1	0	40.8507
1.37193	4	1	2	41.2644
1.375	2	1	0	40.8507
1.375	4	1	2	41.2644
1.376	2	1	0	40.8507
1.376	4	1	2	41.2644
1.37693	2	1	0	40.8507
1.37693	4	1	2	41.2644
1.38	2	1	0	40.8507
1.38	4	1	2	41.2644
1.381	2	1	0	40.8507
1.381	4	1	2	41.2644
1.38193	2	1	0	40.8507
1.38193	4	1	2	41.2644
1.385	2	1	0	40.8507
1.385	4	1	2	41.2644
1.386	2	1	0	40.8507
1.386	4	1	2	41.2644
1.38693	2	1	0	40.8507
1.38693	4	1	2	41.2644
1.39	2	1	0	40.8507
1.39	4	1	2	41.2644
1.391	2	1	0	40.8507
1.391	4	1	2	41.2644
1.39193	2	1	0	40.8507
1.39193	4	1	2	41.2644
1.395	2	1	0	40.8507
1.395	4	1	2	41.2644
1.396	2	1	0	40.8507
1.396	4	1	2	41.2644
1.39693	2	1	0	40.8507
1.39693	4	1	2	41.2644
1.4	2	1	0	40.8507
1.4	4	1	2	41.2644
