time(s)	cellId	rnti	lcid	packetSize
0.402	2	1	4	254
0.402	2	1	5	254
0.403	2	1	4	254
0.403	2	1	5	254
0.404	2	1	4	234
0.404	2	1	5	234
0.407	2	1	4	254
0.407	2	1	5	254
0.408	2	1	4	8934
0.408	2	1	5	8934
0.409	2	1	4	8247
0.409	2	1	5	8247
0.412	2	1	4	8934
0.412	2	1	5	8934
0.413	2	1	4	8934
0.413	2	1	5	8934
0.414	2	1	4	8247
0.414	2	1	5	8247
0.417	2	1	4	8934
0.417	2	1	5	8934
0.418	2	1	4	8934
0.418	2	1	5	8934
0.419	2	1	4	8247
0.419	2	1	5	8247
0.422	2	1	4	8934
0.422	2	1	5	8934
0.423	2	1	4	8934
0.423	2	1	5	8934
0.424	2	1	4	8247
0.424	2	1	5	8247
0.427	2	1	4	8934
0.427	2	1	5	8934
0.428	2	1	4	8934
0.428	2	1	5	8934
0.429	2	1	4	8247
0.429	2	1	5	8247
0.432	2	1	4	8934
0.432	2	1	5	8934
0.433	2	1	4	8934
0.433	2	1	5	8934
0.434	2	1	4	8247
0.434	2	1	5	8247
0.437	2	1	4	8934
0.437	2	1	5	8934
0.438	2	1	4	8934
0.438	2	1	5	8934
0.439	2	1	4	8247
0.439	2	1	5	8247
0.442	2	1	4	8934
0.442	2	1	5	8934
0.443	2	1	4	8934
0.443	2	1	5	8934
0.444	2	1	4	8247
0.444	2	1	5	8247
0.447	2	1	4	8934
0.447	2	1	5	8934
0.448	2	1	4	8934
0.448	2	1	5	8934
0.449	2	1	4	8247
0.449	2	1	5	8247
0.452	2	1	4	8934
0.452	2	1	5	8934
0.453	2	1	4	8934
0.453	2	1	5	8934
0.454	2	1	4	8247
0.454	2	1	5	8247
0.457	2	1	4	8934
0.457	2	1	5	8934
0.458	2	1	4	8934
0.458	2	1	5	8934
0.459	2	1	4	8247
0.459	2	1	5	8247
0.462	2	1	4	8934
0.462	2	1	5	8934
0.463	2	1	4	8934
0.463	2	1	5	8934
0.464	2	1	4	8247
0.464	2	1	5	8247
0.467	2	1	4	8934
0.467	2	1	5	8934
0.468	2	1	4	8934
0.468	2	1	5	8934
0.469	2	1	4	8247
0.469	2	1	5	8247
0.472	2	1	4	8934
0.472	2	1	5	8934
0.473	2	1	4	8934
0.473	2	1	5	8934
0.474	2	1	4	8247
0.474	2	1	5	8247
0.477	2	1	4	8934
0.477	2	1	5	8934
0.478	2	1	4	8934
0.478	2	1	5	8934
0.479	2	1	4	8247
0.479	2	1	5	8247
0.482	2	1	4	8934
0.482	2	1	5	8934
0.483	2	1	4	8934
0.483	2	1	5	8934
0.484	2	1	4	8247
0.484	2	1	5	8247
0.487	2	1	4	8934
0.487	2	1	5	8934
0.488	2	1	4	8934
0.488	2	1	5	8934
0.489	2	1	4	8247
0.489	2	1	5	8247
0.492	2	1	4	8934
0.492	2	1	5	8934
0.493	2	1	4	8934
0.493	2	1	5	8934
0.494	2	1	4	8247
0.494	2	1	5	8247
0.497	2	1	4	8934
0.497	2	1	5	8934
0.498	2	1	4	8934
0.498	2	1	5	8934
0.499	2	1	4	8247
0.499	2	1	5	8247
0.502	2	1	4	8934
0.502	2	1	5	8934
0.503	2	1	4	8934
0.503	2	1	5	8934
0.504	2	1	4	8247
0.504	2	1	5	8247
0.507	2	1	4	8934
0.507	2	1	5	8934
0.508	2	1	4	8934
0.508	2	1	5	8934
0.509	2	1	4	8247
0.509	2	1	5	8247
0.512	2	1	4	8934
0.512	2	1	5	8934
0.513	2	1	4	8934
0.513	2	1	5	8934
0.514	2	1	4	8247
0.514	2	1	5	8247
0.517	2	1	4	8934
0.517	2	1	5	8934
0.518	2	1	4	8934
0.518	2	1	5	8934
0.519	2	1	4	8247
0.519	2	1	5	8247
0.522	2	1	4	8934
0.522	2	1	5	8934
0.523	2	1	4	8934
0.523	2	1	5	8934
0.524	2	1	4	8247
0.524	2	1	5	8247
0.527	2	1	4	8934
0.527	2	1	5	8934
0.528	2	1	4	8934
0.528	2	1	5	8934
0.529	2	1	4	8247
0.529	2	1	5	8247
0.532	2	1	4	8934
0.532	2	1	5	8934
0.533	2	1	4	8934
0.533	2	1	5	8934
0.534	2	1	4	8247
0.534	2	1	5	8247
0.537	2	1	4	8934
0.537	2	1	5	8934
0.538	2	1	4	8934
0.538	2	1	5	8934
0.539	2	1	4	8247
0.539	2	1	5	8247
0.542	2	1	4	8934
0.542	2	1	5	8934
0.543	2	1	4	8934
0.543	2	1	5	8934
0.544	2	1	4	8247
0.544	2	1	5	8247
0.547	2	1	4	8934
0.547	2	1	5	8934
0.548	2	1	4	8934
0.548	2	1	5	8934
0.549	2	1	4	8247
0.549	2	1	5	8247
0.552	2	1	4	8934
0.552	2	1	5	8934
0.553	2	1	4	8934
0.553	2	1	5	8934
0.554	2	1	4	8247
0.554	2	1	5	8247
0.557	2	1	4	8934
0.557	2	1	5	8934
0.558	2	1	4	8934
0.558	2	1	5	8934
0.559	2	1	4	8247
0.559	2	1	5	8247
0.562	2	1	4	8934
0.562	2	1	5	8934
0.563	2	1	4	8934
0.563	2	1	5	8934
0.564	2	1	4	8247
0.564	2	1	5	8247
0.567	2	1	4	8934
0.567	2	1	5	8934
0.568	2	1	4	8934
0.568	2	1	5	8934
0.569	2	1	4	8247
0.569	2	1	5	8247
0.572	2	1	4	8934
0.572	2	1	5	8934
0.573	2	1	4	8934
0.573	2	1	5	8934
0.574	2	1	4	8247
0.574	2	1	5	8247
0.577	2	1	4	8934
0.577	2	1	5	8934
0.578	2	1	4	8934
0.578	2	1	5	8934
0.579	2	1	4	8247
0.579	2	1	5	8247
0.582	2	1	4	8934
0.582	2	1	5	8934
0.583	2	1	4	8934
0.583	2	1	5	8934
0.584	2	1	4	8247
0.584	2	1	5	8247
0.587	2	1	4	8934
0.587	2	1	5	8934
0.588	2	1	4	8934
0.588	2	1	5	8934
0.589	2	1	4	8247
0.589	2	1	5	8247
0.592	2	1	4	8934
0.592	2	1	5	8934
0.593	2	1	4	8934
0.593	2	1	5	8934
0.594	2	1	4	8247
0.594	2	1	5	8247
0.597	2	1	4	8934
0.597	2	1	5	8934
0.598	2	1	4	8934
0.598	2	1	5	8934
0.599	2	1	4	8247
0.599	2	1	5	8247
0.602	2	1	4	8934
0.602	2	1	5	8934
0.603	2	1	4	8934
0.603	2	1	5	8934
0.604	2	1	4	8247
0.604	2	1	5	8247
0.607	2	1	4	8934
0.607	2	1	5	8934
0.608	2	1	4	8934
0.608	2	1	5	8934
0.609	2	1	4	8247
0.609	2	1	5	8247
0.612	2	1	4	8934
0.612	2	1	5	8934
0.613	2	1	4	8934
0.613	2	1	5	8934
0.614	2	1	4	8247
0.614	2	1	5	8247
0.617	2	1	4	8934
0.617	2	1	5	8934
0.618	2	1	4	8934
0.618	2	1	5	8934
0.619	2	1	4	8247
0.619	2	1	5	8247
0.622	2	1	4	8934
0.622	2	1	5	8934
0.623	2	1	4	8934
0.623	2	1	5	8934
0.624	2	1	4	8247
0.624	2	1	5	8247
0.627	2	1	4	8934
0.627	2	1	5	8934
0.628	2	1	4	8934
0.628	2	1	5	8934
0.629	2	1	4	8247
0.629	2	1	5	8247
0.632	2	1	4	8934
0.632	2	1	5	8934
0.633	2	1	4	8934
0.633	2	1	5	8934
0.634	2	1	4	8247
0.634	2	1	5	8247
0.637	2	1	4	8934
0.637	2	1	5	8934
0.638	2	1	4	8934
0.638	2	1	5	8934
0.639	2	1	4	8247
0.639	2	1	5	8247
0.642	2	1	4	8934
0.642	2	1	5	8934
0.643	2	1	4	8934
0.643	2	1	5	8934
0.644	2	1	4	8247
0.644	2	1	5	8247
0.647	2	1	4	8934
0.647	2	1	5	8934
0.648	2	1	4	8934
0.648	2	1	5	8934
0.649	2	1	4	8247
0.649	2	1	5	8247
0.652	2	1	4	8934
0.652	2	1	5	8934
0.653	2	1	4	8934
0.653	2	1	5	8934
0.654	2	1	4	8247
0.654	2	1	5	8247
0.657	2	1	4	8934
0.657	2	1	5	8934
0.658	2	1	4	8934
0.658	2	1	5	8934
0.659	2	1	4	8247
0.659	2	1	5	8247
0.662	2	1	4	8934
0.662	2	1	5	8934
0.663	2	1	4	8934
0.663	2	1	5	8934
0.664	2	1	4	8247
0.664	2	1	5	8247
0.667	2	1	4	8934
0.667	2	1	5	8934
0.668	2	1	4	8934
0.668	2	1	5	8934
0.669	2	1	4	8247
0.669	2	1	5	8247
0.672	2	1	4	8934
0.672	2	1	5	8934
0.673	2	1	4	8934
0.673	2	1	5	8934
0.674	2	1	4	8247
0.674	2	1	5	8247
0.677	2	1	4	8934
0.677	2	1	5	8934
0.678	2	1	4	8934
0.678	2	1	5	8934
0.679	2	1	4	8247
0.679	2	1	5	8247
0.682	2	1	4	8934
0.682	2	1	5	8934
0.683	2	1	4	8934
0.683	2	1	5	8934
0.684	2	1	4	8247
0.684	2	1	5	8247
0.687	2	1	4	8934
0.687	2	1	5	8934
0.688	2	1	4	8934
0.688	2	1	5	8934
0.689	2	1	4	8247
0.689	2	1	5	8247
0.692	2	1	4	8934
0.692	2	1	5	8934
0.693	2	1	4	8934
0.693	2	1	5	8934
0.694	2	1	4	8247
0.694	2	1	5	8247
0.697	2	1	4	8934
0.697	2	1	5	8934
0.698	2	1	4	8934
0.698	2	1	5	8934
0.699	2	1	4	8247
0.699	2	1	5	8247
0.702	2	1	4	8934
0.702	2	1	5	8934
0.703	2	1	4	8934
0.703	2	1	5	8934
0.704	2	1	4	8247
0.704	2	1	5	8247
0.707	2	1	4	8934
0.707	2	1	5	8934
0.708	2	1	4	8934
0.708	2	1	5	8934
0.709	2	1	4	8247
0.709	2	1	5	8247
0.712	2	1	4	8934
0.712	2	1	5	8934
0.713	2	1	4	8934
0.713	2	1	5	8934
0.714	2	1	4	8247
0.714	2	1	5	8247
0.717	2	1	4	8934
0.717	2	1	5	8934
0.718	2	1	4	8934
0.718	2	1	5	8934
0.719	2	1	4	8247
0.719	2	1	5	8247
0.722	2	1	4	8934
0.722	2	1	5	8934
0.723	2	1	4	8934
0.723	2	1	5	8934
0.724	2	1	4	8247
0.724	2	1	5	8247
0.727	2	1	4	8934
0.727	2	1	5	8934
0.728	2	1	4	8934
0.728	2	1	5	8934
0.729	2	1	4	8247
0.729	2	1	5	8247
0.732	2	1	4	8934
0.732	2	1	5	8934
0.733	2	1	4	8934
0.733	2	1	5	8934
0.734	2	1	4	8247
0.734	2	1	5	8247
0.737	2	1	4	8934
0.737	2	1	5	8934
0.738	2	1	4	8934
0.738	2	1	5	8934
0.739	2	1	4	8247
0.739	2	1	5	8247
0.742	2	1	4	8934
0.742	2	1	5	8934
0.743	2	1	4	8934
0.743	2	1	5	8934
0.744	2	1	4	8247
0.744	2	1	5	8247
0.747	2	1	4	8934
0.747	2	1	5	8934
0.748	2	1	4	8934
0.748	2	1	5	8934
0.749	2	1	4	8247
0.749	2	1	5	8247
0.752	2	1	4	8934
0.752	2	1	5	8934
0.753	2	1	4	8934
0.753	2	1	5	8934
0.754	2	1	4	8247
0.754	2	1	5	8247
0.757	2	1	4	8934
0.757	2	1	5	8934
0.758	2	1	4	8934
0.758	2	1	5	8934
0.759	2	1	4	8247
0.759	2	1	5	8247
0.762	2	1	4	8934
0.762	2	1	5	8934
0.763	2	1	4	8934
0.763	2	1	5	8934
0.764	2	1	4	8247
0.764	2	1	5	8247
0.767	2	1	4	8934
0.767	2	1	5	8934
0.768	2	1	4	8934
0.768	2	1	5	8934
0.769	2	1	4	8247
0.769	2	1	5	8247
0.772	2	1	4	8934
0.772	2	1	5	8934
0.773	2	1	4	8934
0.773	2	1	5	8934
0.774	2	1	4	8247
0.774	2	1	5	8247
0.777	2	1	4	8934
0.777	2	1	5	8934
0.778	2	1	4	8934
0.778	2	1	5	8934
0.779	2	1	4	8247
0.779	2	1	5	8247
0.782	2	1	4	8934
0.782	2	1	5	8934
0.783	2	1	4	8934
0.783	2	1	5	8934
0.784	2	1	4	8247
0.784	2	1	5	8247
0.787	2	1	4	8934
0.787	2	1	5	8934
0.788	2	1	4	8934
0.788	2	1	5	8934
0.789	2	1	4	8247
0.789	2	1	5	8247
0.792	2	1	4	8934
0.792	2	1	5	8934
0.793	2	1	4	8934
0.793	2	1	5	8934
0.794	2	1	4	8247
0.794	2	1	5	8247
0.797	2	1	4	8934
0.797	2	1	5	8934
0.798	2	1	4	8934
0.798	2	1	5	8934
0.799	2	1	4	8247
0.799	2	1	5	8247
0.802	2	1	4	8934
0.802	2	1	5	8934
0.803	2	1	4	8934
0.803	2	1	5	8934
0.804	2	1	4	8247
0.804	2	1	5	8247
0.807	2	1	4	8934
0.807	2	1	5	8934
0.808	2	1	4	8934
0.808	2	1	5	8934
0.809	2	1	4	8247
0.809	2	1	5	8247
0.812	2	1	4	8934
0.812	2	1	5	8934
0.813	2	1	4	8934
0.813	2	1	5	8934
0.814	2	1	4	8247
0.814	2	1	5	8247
0.817	2	1	4	8934
0.817	2	1	5	8934
0.818	2	1	4	8934
0.818	2	1	5	8934
0.819	2	1	4	8247
0.819	2	1	5	8247
0.822	2	1	4	8934
0.822	2	1	5	8934
0.823	2	1	4	8934
0.823	2	1	5	8934
0.824	2	1	4	8247
0.824	2	1	5	8247
0.827	2	1	4	8934
0.827	2	1	5	8934
0.828	2	1	4	8934
0.828	2	1	5	8934
0.829	2	1	4	8247
0.829	2	1	5	8247
0.832	2	1	4	8934
0.832	2	1	5	8934
0.833	2	1	4	8934
0.833	2	1	5	8934
0.834	2	1	4	8247
0.834	2	1	5	8247
0.837	2	1	4	8934
0.837	2	1	5	8934
0.838	2	1	4	8934
0.838	2	1	5	8934
0.839	2	1	4	8247
0.839	2	1	5	8247
0.842	2	1	4	8934
0.842	2	1	5	8934
0.843	2	1	4	8934
0.843	2	1	5	8934
0.844	2	1	4	8247
0.844	2	1	5	8247
0.847	2	1	4	8934
0.847	2	1	5	8934
0.848	2	1	4	8934
0.848	2	1	5	8934
0.849	2	1	4	8247
0.849	2	1	5	8247
0.852	2	1	4	8934
0.852	2	1	5	8934
0.853	2	1	4	8934
0.853	2	1	5	8934
0.854	2	1	4	8247
0.854	2	1	5	8247
0.857	2	1	4	8934
0.857	2	1	5	8934
0.858	2	1	4	8934
0.858	2	1	5	8934
0.859	2	1	4	8247
0.859	2	1	5	8247
0.862	2	1	4	8934
0.862	2	1	5	8934
0.863	2	1	4	8934
0.863	2	1	5	8934
0.864	2	1	4	8247
0.864	2	1	5	8247
0.867	2	1	4	8934
0.867	2	1	5	8934
0.868	2	1	4	8934
0.868	2	1	5	8934
0.869	2	1	4	8247
0.869	2	1	5	8247
0.872	2	1	4	8934
0.872	2	1	5	8934
0.873	2	1	4	8934
0.873	2	1	5	8934
0.874	2	1	4	8247
0.874	2	1	5	8247
0.877	2	1	4	8934
0.877	2	1	5	8934
0.878	2	1	4	8934
0.878	2	1	5	8934
0.879	2	1	4	8247
0.879	2	1	5	8247
0.882	2	1	4	8934
0.882	2	1	5	8934
0.883	2	1	4	8934
0.883	2	1	5	8934
0.884	2	1	4	8247
0.884	2	1	5	8247
0.887	2	1	4	8934
0.887	2	1	5	8934
0.888	2	1	4	8934
0.888	2	1	5	8934
0.889	2	1	4	8247
0.889	2	1	5	8247
0.892	2	1	4	8934
0.892	2	1	5	8934
0.893	2	1	4	8934
0.893	2	1	5	8934
0.894	2	1	4	8247
0.894	2	1	5	8247
0.897	2	1	4	8934
0.897	2	1	5	8934
0.898	2	1	4	8934
0.898	2	1	5	8934
0.899	2	1	4	8247
0.899	2	1	5	8247
0.902	2	1	4	8934
0.902	2	1	5	8934
0.903	2	1	4	8934
0.903	2	1	5	8934
0.904	2	1	4	8247
0.904	2	1	5	8247
0.907	2	1	4	8934
0.907	2	1	5	8934
0.908	2	1	4	8934
0.908	2	1	5	8934
0.909	2	1	4	8247
0.909	2	1	5	8247
0.912	2	1	4	8934
0.912	2	1	5	8934
0.913	2	1	4	8934
0.913	2	1	5	8934
0.914	2	1	4	8247
0.914	2	1	5	8247
0.917	2	1	4	8934
0.917	2	1	5	8934
0.918	2	1	4	8934
0.918	2	1	5	8934
0.919	2	1	4	8247
0.919	2	1	5	8247
0.922	2	1	4	8934
0.922	2	1	5	8934
0.923	2	1	4	8934
0.923	2	1	5	8934
0.924	2	1	4	8247
0.924	2	1	5	8247
0.927	2	1	4	8934
0.927	2	1	5	8934
0.928	2	1	4	8934
0.928	2	1	5	8934
0.929	2	1	4	8247
0.929	2	1	5	8247
0.932	2	1	4	8934
0.932	2	1	5	8934
0.933	2	1	4	8934
0.933	2	1	5	8934
0.934	2	1	4	8247
0.934	2	1	5	8247
0.937	2	1	4	8934
0.937	2	1	5	8934
0.938	2	1	4	8934
0.938	2	1	5	8934
0.939	2	1	4	8247
0.939	2	1	5	8247
0.942	2	1	4	8934
0.942	2	1	5	8934
0.943	2	1	4	8934
0.943	2	1	5	8934
0.944	2	1	4	8247
0.944	2	1	5	8247
0.947	2	1	4	8934
0.947	2	1	5	8934
0.948	2	1	4	8934
0.948	2	1	5	8934
0.949	2	1	4	8247
0.949	2	1	5	8247
0.952	2	1	4	8934
0.952	2	1	5	8934
0.953	2	1	4	8934
0.953	2	1	5	8934
0.954	2	1	4	8247
0.954	2	1	5	8247
0.957	2	1	4	8934
0.957	2	1	5	8934
0.958	2	1	4	8934
0.958	2	1	5	8934
0.959	2	1	4	8247
0.959	2	1	5	8247
0.962	2	1	4	8934
0.962	2	1	5	8934
0.963	2	1	4	8934
0.963	2	1	5	8934
0.964	2	1	4	8247
0.964	2	1	5	8247
0.967	2	1	4	8934
0.967	2	1	5	8934
0.968	2	1	4	8934
0.968	2	1	5	8934
0.969	2	1	4	8247
0.969	2	1	5	8247
0.972	2	1	4	8934
0.972	2	1	5	8934
0.973	2	1	4	8934
0.973	2	1	5	8934
0.974	2	1	4	8247
0.974	2	1	5	8247
0.977	2	1	4	8934
0.977	2	1	5	8934
0.978	2	1	4	8934
0.978	2	1	5	8934
0.979	2	1	4	8247
0.979	2	1	5	8247
0.982	2	1	4	8934
0.982	2	1	5	8934
0.983	2	1	4	8934
0.983	2	1	5	8934
0.984	2	1	4	8247
0.984	2	1	5	8247
0.987	2	1	4	8934
0.987	2	1	5	8934
0.988	2	1	4	8934
0.988	2	1	5	8934
0.989	2	1	4	8247
0.989	2	1	5	8247
0.992	2	1	4	8934
0.992	2	1	5	8934
0.993	2	1	4	8934
0.993	2	1	5	8934
0.994	2	1	4	8247
0.994	2	1	5	8247
0.997	2	1	4	8934
0.997	2	1	5	8934
0.998	2	1	4	8934
0.998	2	1	5	8934
0.999	2	1	4	8247
0.999	2	1	5	8247
1.002	2	1	4	8934
1.002	2	1	5	8934
1.003	2	1	4	8934
1.003	2	1	5	8934
1.004	2	1	4	8247
1.004	2	1	5	8247
1.007	2	1	4	8934
1.007	2	1	5	8934
1.008	2	1	4	8934
1.008	2	1	5	8934
1.009	2	1	4	8247
1.009	2	1	5	8247
1.012	2	1	4	8934
1.012	2	1	5	8934
1.013	2	1	4	8934
1.013	2	1	5	8934
1.014	2	1	4	8247
1.014	2	1	5	8247
1.017	2	1	4	8934
1.017	2	1	5	8934
1.018	2	1	4	8934
1.018	2	1	5	8934
1.019	2	1	4	8247
1.019	2	1	5	8247
1.022	2	1	4	8934
1.022	2	1	5	8934
1.023	2	1	4	8934
1.023	2	1	5	8934
1.024	2	1	4	8247
1.024	2	1	5	8247
1.027	2	1	4	8934
1.027	2	1	5	8934
1.028	2	1	4	8934
1.028	2	1	5	8934
1.029	2	1	4	8247
1.029	2	1	5	8247
1.032	2	1	4	8934
1.032	2	1	5	8934
1.033	2	1	4	8934
1.033	2	1	5	8934
1.034	2	1	4	8247
1.034	2	1	5	8247
1.037	2	1	4	8934
1.037	2	1	5	8934
1.038	2	1	4	8934
1.038	2	1	5	8934
1.039	2	1	4	8247
1.039	2	1	5	8247
1.042	2	1	4	8934
1.042	2	1	5	8934
1.043	2	1	4	8934
1.043	2	1	5	8934
1.044	2	1	4	8247
1.044	2	1	5	8247
1.047	2	1	4	8934
1.047	2	1	5	8934
1.048	2	1	4	8934
1.048	2	1	5	8934
1.049	2	1	4	8247
1.049	2	1	5	8247
1.052	2	1	4	8934
1.052	2	1	5	8934
1.053	2	1	4	8934
1.053	2	1	5	8934
1.054	2	1	4	8247
1.054	2	1	5	8247
1.057	2	1	4	8934
1.057	2	1	5	8934
1.058	2	1	4	8934
1.058	2	1	5	8934
1.059	2	1	4	8247
1.059	2	1	5	8247
1.062	2	1	4	8934
1.062	2	1	5	8934
1.063	2	1	4	8934
1.063	2	1	5	8934
1.064	2	1	4	8247
1.064	2	1	5	8247
1.067	2	1	4	8934
1.067	2	1	5	8934
1.068	2	1	4	8934
1.068	2	1	5	8934
1.069	2	1	4	8247
1.069	2	1	5	8247
1.072	2	1	4	8934
1.072	2	1	5	8934
1.073	2	1	4	8934
1.073	2	1	5	8934
1.074	2	1	4	8247
1.074	2	1	5	8247
1.077	2	1	4	8934
1.077	2	1	5	8934
1.078	2	1	4	8934
1.078	2	1	5	8934
1.079	2	1	4	8247
1.079	2	1	5	8247
1.082	2	1	4	8934
1.082	2	1	5	8934
1.083	2	1	4	8934
1.083	2	1	5	8934
1.084	2	1	4	8247
1.084	2	1	5	8247
1.087	2	1	4	8934
1.087	2	1	5	8934
1.088	2	1	4	8934
1.088	2	1	5	8934
1.089	2	1	4	8247
1.089	2	1	5	8247
1.092	2	1	4	8934
1.092	2	1	5	8934
1.093	2	1	4	8934
1.093	2	1	5	8934
1.094	2	1	4	8247
1.094	2	1	5	8247
1.097	2	1	4	8934
1.097	2	1	5	8934
1.098	2	1	4	8934
1.098	2	1	5	8934
1.099	2	1	4	8247
1.099	2	1	5	8247
1.102	2	1	4	8934
1.102	2	1	5	8934
1.103	2	1	4	8934
1.103	2	1	5	8934
1.104	2	1	4	8247
1.104	2	1	5	8247
1.107	2	1	4	8934
1.107	2	1	5	8934
1.108	2	1	4	8934
1.108	2	1	5	8934
1.109	2	1	4	8247
1.109	2	1	5	8247
1.112	2	1	4	8934
1.112	2	1	5	8934
1.113	2	1	4	8934
1.113	2	1	5	8934
1.114	2	1	4	8247
1.114	2	1	5	8247
1.117	2	1	4	8934
1.117	2	1	5	8934
1.118	2	1	4	8934
1.118	2	1	5	8934
1.119	2	1	4	8247
1.119	2	1	5	8247
1.122	2	1	4	8934
1.122	2	1	5	8934
1.123	2	1	4	8934
1.123	2	1	5	8934
1.124	2	1	4	8247
1.124	2	1	5	8247
1.127	2	1	4	8934
1.127	2	1	5	8934
1.128	2	1	4	8934
1.128	2	1	5	8934
1.129	2	1	4	8247
1.129	2	1	5	8247
1.132	2	1	4	8934
1.132	2	1	5	8934
1.133	2	1	4	8934
1.133	2	1	5	8934
1.134	2	1	4	8247
1.134	2	1	5	8247
1.137	2	1	4	8934
1.137	2	1	5	8934
1.138	2	1	4	8934
1.138	2	1	5	8934
1.139	2	1	4	8247
1.139	2	1	5	8247
1.142	2	1	4	8934
1.142	2	1	5	8934
1.143	2	1	4	8934
1.143	2	1	5	8934
1.144	2	1	4	8247
1.144	2	1	5	8247
1.147	2	1	4	8934
1.147	2	1	5	8934
1.148	2	1	4	8934
1.148	2	1	5	8934
1.149	2	1	4	8247
1.149	2	1	5	8247
1.152	2	1	4	8934
1.152	2	1	5	8934
1.153	2	1	4	8934
1.153	2	1	5	8934
1.154	2	1	4	8247
1.154	2	1	5	8247
1.157	2	1	4	8934
1.157	2	1	5	8934
1.158	2	1	4	8934
1.158	2	1	5	8934
1.159	2	1	4	8247
1.159	2	1	5	8247
1.162	2	1	4	8934
1.162	2	1	5	8934
1.163	2	1	4	8934
1.163	2	1	5	8934
1.164	2	1	4	8247
1.164	2	1	5	8247
1.167	2	1	4	8934
1.167	2	1	5	8934
1.168	2	1	4	8934
1.168	2	1	5	8934
1.169	2	1	4	8247
1.169	2	1	5	8247
1.172	2	1	4	8934
1.172	2	1	5	8934
1.173	2	1	4	8934
1.173	2	1	5	8934
1.174	2	1	4	8247
1.174	2	1	5	8247
1.177	2	1	4	8934
1.177	2	1	5	8934
1.178	2	1	4	8934
1.178	2	1	5	8934
1.179	2	1	4	8247
1.179	2	1	5	8247
1.182	2	1	4	8934
1.182	2	1	5	8934
1.183	2	1	4	8934
1.183	2	1	5	8934
1.184	2	1	4	8247
1.184	2	1	5	8247
1.187	2	1	4	8934
1.187	2	1	5	8934
1.188	2	1	4	8934
1.188	2	1	5	8934
1.189	2	1	4	8247
1.189	2	1	5	8247
1.192	2	1	4	8934
1.192	2	1	5	8934
1.193	2	1	4	8934
1.193	2	1	5	8934
1.194	2	1	4	8247
1.194	2	1	5	8247
1.197	2	1	4	8934
1.197	2	1	5	8934
1.198	2	1	4	8934
1.198	2	1	5	8934
1.199	2	1	4	8247
1.199	2	1	5	8247
1.202	2	1	4	8934
1.202	2	1	5	8934
1.203	2	1	4	8934
1.203	2	1	5	8934
1.204	2	1	4	8247
1.204	2	1	5	8247
1.207	2	1	4	8934
1.207	2	1	5	8934
1.208	2	1	4	8934
1.208	2	1	5	8934
1.209	2	1	4	8247
1.209	2	1	5	8247
1.212	2	1	4	8934
1.212	2	1	5	8934
1.213	2	1	4	8934
1.213	2	1	5	8934
1.214	2	1	4	8247
1.214	2	1	5	8247
1.217	2	1	4	8934
1.217	2	1	5	8934
1.218	2	1	4	8934
1.218	2	1	5	8934
1.219	2	1	4	8247
1.219	2	1	5	8247
1.222	2	1	4	8934
1.222	2	1	5	8934
1.223	2	1	4	8934
1.223	2	1	5	8934
1.224	2	1	4	8247
1.224	2	1	5	8247
1.227	2	1	4	8934
1.227	2	1	5	8934
1.228	2	1	4	8934
1.228	2	1	5	8934
1.229	2	1	4	8247
1.229	2	1	5	8247
1.232	2	1	4	8934
1.232	2	1	5	8934
1.233	2	1	4	8934
1.233	2	1	5	8934
1.234	2	1	4	8247
1.234	2	1	5	8247
1.237	2	1	4	8934
1.237	2	1	5	8934
1.238	2	1	4	8934
1.238	2	1	5	8934
1.239	2	1	4	8247
1.239	2	1	5	8247
1.242	2	1	4	8934
1.242	2	1	5	8934
1.243	2	1	4	8934
1.243	2	1	5	8934
1.244	2	1	4	8247
1.244	2	1	5	8247
1.247	2	1	4	8934
1.247	2	1	5	8934
1.248	2	1	4	8934
1.248	2	1	5	8934
1.249	2	1	4	8247
1.249	2	1	5	8247
1.252	2	1	4	8934
1.252	2	1	5	8934
1.253	2	1	4	8934
1.253	2	1	5	8934
1.254	2	1	4	8247
1.254	2	1	5	8247
1.257	2	1	4	8934
1.257	2	1	5	8934
1.258	2	1	4	8934
1.258	2	1	5	8934
1.259	2	1	4	8247
1.259	2	1	5	8247
1.262	2	1	4	8934
1.262	2	1	5	8934
1.263	2	1	4	8934
1.263	2	1	5	8934
1.264	2	1	4	8247
1.264	2	1	5	8247
1.267	2	1	4	8934
1.267	2	1	5	8934
1.268	2	1	4	8934
1.268	2	1	5	8934
1.269	2	1	4	8247
1.269	2	1	5	8247
1.272	2	1	4	8934
1.272	2	1	5	8934
1.273	2	1	4	8934
1.273	2	1	5	8934
1.274	2	1	4	8247
1.274	2	1	5	8247
1.277	2	1	4	8934
1.277	2	1	5	8934
1.278	2	1	4	8934
1.278	2	1	5	8934
1.279	2	1	4	8247
1.279	2	1	5	8247
1.282	2	1	4	8934
1.282	2	1	5	8934
1.283	2	1	4	8934
1.283	2	1	5	8934
1.284	2	1	4	8247
1.284	2	1	5	8247
1.287	2	1	4	8934
1.287	2	1	5	8934
1.288	2	1	4	8934
1.288	2	1	5	8934
1.289	2	1	4	8247
1.289	2	1	5	8247
1.292	2	1	4	8934
1.292	2	1	5	8934
1.293	2	1	4	8934
1.293	2	1	5	8934
1.294	2	1	4	8247
1.294	2	1	5	8247
1.297	2	1	4	8934
1.297	2	1	5	8934
1.298	2	1	4	8934
1.298	2	1	5	8934
1.299	2	1	4	8247
1.299	2	1	5	8247
1.302	2	1	4	8934
1.302	2	1	5	8934
1.303	2	1	4	8934
1.303	2	1	5	8934
1.304	2	1	4	8247
1.304	2	1	5	8247
1.307	2	1	4	8934
1.307	2	1	5	8934
1.308	2	1	4	8934
1.308	2	1	5	8934
1.309	2	1	4	8247
1.309	2	1	5	8247
1.312	2	1	4	8934
1.312	2	1	5	8934
1.313	2	1	4	8934
1.313	2	1	5	8934
1.314	2	1	4	8247
1.314	2	1	5	8247
1.317	2	1	4	8934
1.317	2	1	5	8934
1.318	2	1	4	8934
1.318	2	1	5	8934
1.319	2	1	4	8247
1.319	2	1	5	8247
1.322	2	1	4	8934
1.322	2	1	5	8934
1.323	2	1	4	8934
1.323	2	1	5	8934
1.324	2	1	4	8247
1.324	2	1	5	8247
1.327	2	1	4	8934
1.327	2	1	5	8934
1.328	2	1	4	8934
1.328	2	1	5	8934
1.329	2	1	4	8247
1.329	2	1	5	8247
1.332	2	1	4	8934
1.332	2	1	5	8934
1.333	2	1	4	8934
1.333	2	1	5	8934
1.334	2	1	4	8247
1.334	2	1	5	8247
1.337	2	1	4	8934
1.337	2	1	5	8934
1.338	2	1	4	8934
1.338	2	1	5	8934
1.339	2	1	4	8247
1.339	2	1	5	8247
1.342	2	1	4	8934
1.342	2	1	5	8934
1.343	2	1	4	8934
1.343	2	1	5	8934
1.344	2	1	4	8247
1.344	2	1	5	8247
1.347	2	1	4	8934
1.347	2	1	5	8934
1.348	2	1	4	8934
1.348	2	1	5	8934
1.349	2	1	4	8247
1.349	2	1	5	8247
1.352	2	1	4	8934
1.352	2	1	5	8934
1.353	2	1	4	8934
1.353	2	1	5	8934
1.354	2	1	4	8247
1.354	2	1	5	8247
1.357	2	1	4	8934
1.357	2	1	5	8934
1.358	2	1	4	8934
1.358	2	1	5	8934
1.359	2	1	4	8247
1.359	2	1	5	8247
1.362	2	1	4	8934
1.362	2	1	5	8934
1.363	2	1	4	8934
1.363	2	1	5	8934
1.364	2	1	4	8247
1.364	2	1	5	8247
1.367	2	1	4	8934
1.367	2	1	5	8934
1.368	2	1	4	8934
1.368	2	1	5	8934
1.369	2	1	4	8247
1.369	2	1	5	8247
1.372	2	1	4	8934
1.372	2	1	5	8934
1.373	2	1	4	8934
1.373	2	1	5	8934
1.374	2	1	4	8247
1.374	2	1	5	8247
1.377	2	1	4	8934
1.377	2	1	5	8934
1.378	2	1	4	8934
1.378	2	1	5	8934
1.379	2	1	4	8247
1.379	2	1	5	8247
1.382	2	1	4	8934
1.382	2	1	5	8934
1.383	2	1	4	8934
1.383	2	1	5	8934
1.384	2	1	4	8247
1.384	2	1	5	8247
1.387	2	1	4	8934
1.387	2	1	5	8934
1.388	2	1	4	8934
1.388	2	1	5	8934
1.389	2	1	4	8247
1.389	2	1	5	8247
1.392	2	1	4	8934
1.392	2	1	5	8934
1.393	2	1	4	8934
1.393	2	1	5	8934
1.394	2	1	4	8247
1.394	2	1	5	8247
1.397	2	1	4	8934
1.397	2	1	5	8934
1.398	2	1	4	8934
1.398	2	1	5	8934
1.399	2	1	4	8247
1.399	2	1	5	8247
