time(s)	cellId	rnti	lcid	packetSize	delay(s)
0.4051	2	1	4	254	0.00309999
0.4051	2	1	5	254	0.00309999
0.4061	2	1	4	254	0.00309999
0.4061	2	1	5	254	0.00309999
0.407029	2	1	4	234	0.00302856
0.407029	2	1	5	234	0.00302856
0.4101	2	1	4	254	0.00309999
0.4101	2	1	5	254	0.00309999
0.4111	2	1	4	8934	0.00309999
0.4111	2	1	5	8934	0.00309999
0.412029	2	1	4	8247	0.00302856
0.412029	2	1	5	8247	0.00302856
0.4151	2	1	4	8934	0.00309999
0.4151	2	1	5	8934	0.00309999
0.4161	2	1	4	8934	0.00309999
0.4161	2	1	5	8934	0.00309999
0.417029	2	1	4	8247	0.00302856
0.417029	2	1	5	8247	0.00302856
0.4201	2	1	4	8934	0.00309999
0.4201	2	1	5	8934	0.00309999
0.4211	2	1	4	8934	0.00309999
0.4211	2	1	5	8934	0.00309999
0.422029	2	1	4	8247	0.00302856
0.422029	2	1	5	8247	0.00302856
0.4251	2	1	4	8934	0.00309999
0.4251	2	1	5	8934	0.00309999
0.4261	2	1	4	8934	0.00309999
0.4261	2	1	5	8934	0.00309999
0.427029	2	1	4	8247	0.00302856
0.427029	2	1	5	8247	0.00302856
0.4301	2	1	4	8934	0.00309999
0.4301	2	1	5	8934	0.00309999
0.4311	2	1	4	8934	0.00309999
0.4311	2	1	5	8934	0.00309999
0.432029	2	1	4	8247	0.00302856
0.432029	2	1	5	8247	0.00302856
0.4351	2	1	4	8934	0.00309999
0.4351	2	1	5	8934	0.00309999
0.4361	2	1	4	8934	0.00309999
0.4361	2	1	5	8934	0.00309999
0.437029	2	1	4	8247	0.00302856
0.437029	2	1	5	8247	0.00302856
0.4401	2	1	4	8934	0.00309999
0.4401	2	1	5	8934	0.00309999
0.4411	2	1	4	8934	0.00309999
0.4411	2	1	5	8934	0.00309999
0.442029	2	1	4	8247	0.00302856
0.442029	2	1	5	8247	0.00302856
0.4451	2	1	4	8934	0.00309999
0.4451	2	1	5	8934	0.00309999
0.4461	2	1	4	8934	0.00309999
0.4461	2	1	5	8934	0.00309999
0.447029	2	1	4	8247	0.00302856
0.447029	2	1	5	8247	0.00302856
0.4501	2	1	4	8934	0.00309999
0.4501	2	1	5	8934	0.00309999
0.4511	2	1	4	8934	0.00309999
0.4511	2	1	5	8934	0.00309999
0.452029	2	1	4	8247	0.00302856
0.452029	2	1	5	8247	0.00302856
0.4551	2	1	4	8934	0.00309999
0.4551	2	1	5	8934	0.00309999
0.4561	2	1	4	8934	0.00309999
0.4561	2	1	5	8934	0.00309999
0.457029	2	1	4	8247	0.00302856
0.457029	2	1	5	8247	0.00302856
0.4601	2	1	4	8934	0.00309999
0.4601	2	1	5	8934	0.00309999
0.4611	2	1	4	8934	0.00309999
0.4611	2	1	5	8934	0.00309999
0.462029	2	1	4	8247	0.00302856
0.462029	2	1	5	8247	0.00302856
0.4651	2	1	4	8934	0.00309999
0.4651	2	1	5	8934	0.00309999
0.4661	2	1	4	8934	0.00309999
0.4661	2	1	5	8934	0.00309999
0.467029	2	1	4	8247	0.00302856
0.467029	2	1	5	8247	0.00302856
0.4701	2	1	4	8934	0.00309999
0.4701	2	1	5	8934	0.00309999
0.4711	2	1	4	8934	0.00309999
0.4711	2	1	5	8934	0.00309999
0.472029	2	1	4	8247	0.00302856
0.472029	2	1	5	8247	0.00302856
0.4751	2	1	4	8934	0.00309999
0.4751	2	1	5	8934	0.00309999
0.4761	2	1	4	8934	0.00309999
0.4761	2	1	5	8934	0.00309999
0.477029	2	1	4	8247	0.00302856
0.477029	2	1	5	8247	0.00302856
0.4801	2	1	4	8934	0.00309999
0.4801	2	1	5	8934	0.00309999
0.4811	2	1	4	8934	0.00309999
0.4811	2	1	5	8934	0.00309999
0.482029	2	1	4	8247	0.00302856
0.482029	2	1	5	8247	0.00302856
0.4851	2	1	4	8934	0.00309999
0.4851	2	1	5	8934	0.00309999
0.4861	2	1	4	8934	0.00309999
0.4861	2	1	5	8934	0.00309999
0.487029	2	1	4	8247	0.00302856
0.487029	2	1	5	8247	0.00302856
0.4901	2	1	4	8934	0.00309999
0.4901	2	1	5	8934	0.00309999
0.4911	2	1	4	8934	0.00309999
0.4911	2	1	5	8934	0.00309999
0.492029	2	1	4	8247	0.00302856
0.492029	2	1	5	8247	0.00302856
0.4951	2	1	4	8934	0.00309999
0.4951	2	1	5	8934	0.00309999
0.4961	2	1	4	8934	0.00309999
0.4961	2	1	5	8934	0.00309999
0.497029	2	1	4	8247	0.00302856
0.497029	2	1	5	8247	0.00302856
0.5001	2	1	4	8934	0.00309999
0.5001	2	1	5	8934	0.00309999
0.5011	2	1	4	8934	0.00309999
0.5011	2	1	5	8934	0.00309999
0.502029	2	1	4	8247	0.00302856
0.502029	2	1	5	8247	0.00302856
0.5051	2	1	4	8934	0.00309999
0.5051	2	1	5	8934	0.00309999
0.5061	2	1	4	8934	0.00309999
0.5061	2	1	5	8934	0.00309999
0.507029	2	1	4	8247	0.00302856
0.507029	2	1	5	8247	0.00302856
0.5101	2	1	4	8934	0.00309999
0.5101	2	1	5	8934	0.00309999
0.5111	2	1	4	8934	0.00309999
0.5111	2	1	5	8934	0.00309999
0.512029	2	1	4	8247	0.00302856
0.512029	2	1	5	8247	0.00302856
0.5151	2	1	4	8934	0.00309999
0.5151	2	1	5	8934	0.00309999
0.5161	2	1	4	8934	0.00309999
0.5161	2	1	5	8934	0.00309999
0.517029	2	1	4	8247	0.00302856
0.517029	2	1	5	8247	0.00302856
0.5201	2	1	4	8934	0.00309999
0.5201	2	1	5	8934	0.00309999
0.5211	2	1	4	8934	0.00309999
0.5211	2	1	5	8934	0.00309999
0.522029	2	1	4	8247	0.00302856
0.522029	2	1	5	8247	0.00302856
0.5251	2	1	4	8934	0.00309999
0.5251	2	1	5	8934	0.00309999
0.5261	2	1	4	8934	0.00309999
0.5261	2	1	5	8934	0.00309999
0.527029	2	1	4	8247	0.00302856
0.527029	2	1	5	8247	0.00302856
0.5301	2	1	4	8934	0.00309999
0.5301	2	1	5	8934	0.00309999
0.5311	2	1	4	8934	0.00309999
0.5311	2	1	5	8934	0.00309999
0.532029	2	1	4	8247	0.00302856
0.532029	2	1	5	8247	0.00302856
0.5351	2	1	4	8934	0.00309999
0.5351	2	1	5	8934	0.00309999
0.5361	2	1	4	8934	0.00309999
0.5361	2	1	5	8934	0.00309999
0.537029	2	1	4	8247	0.00302856
0.537029	2	1	5	8247	0.00302856
0.5401	2	1	4	8934	0.00309999
0.5401	2	1	5	8934	0.00309999
0.5411	2	1	4	8934	0.00309999
0.5411	2	1	5	8934	0.00309999
0.542029	2	1	4	8247	0.00302856
0.542029	2	1	5	8247	0.00302856
0.5451	2	1	4	8934	0.00309999
0.5451	2	1	5	8934	0.00309999
0.5461	2	1	4	8934	0.00309999
0.5461	2	1	5	8934	0.00309999
0.547029	2	1	4	8247	0.00302856
0.547029	2	1	5	8247	0.00302856
0.5501	2	1	4	8934	0.00309999
0.5501	2	1	5	8934	0.00309999
0.5511	2	1	4	8934	0.00309999
0.5511	2	1	5	8934	0.00309999
0.552029	2	1	4	8247	0.00302856
0.552029	2	1	5	8247	0.00302856
0.5551	2	1	4	8934	0.00309999
0.5551	2	1	5	8934	0.00309999
0.5561	2	1	4	8934	0.00309999
0.5561	2	1	5	8934	0.00309999
0.557029	2	1	4	8247	0.00302856
0.557029	2	1	5	8247	0.00302856
0.5601	2	1	4	8934	0.00309999
0.5601	2	1	5	8934	0.00309999
0.5611	2	1	4	8934	0.00309999
0.5611	2	1	5	8934	0.00309999
0.562029	2	1	4	8247	0.00302856
0.562029	2	1	5	8247	0.00302856
0.5651	2	1	4	8934	0.00309999
0.5651	2	1	5	8934	0.00309999
0.5661	2	1	4	8934	0.00309999
0.5661	2	1	5	8934	0.00309999
0.567029	2	1	4	8247	0.00302856
0.567029	2	1	5	8247	0.00302856
0.5701	2	1	4	8934	0.00309999
0.5701	2	1	5	8934	0.00309999
0.5711	2	1	4	8934	0.00309999
0.5711	2	1	5	8934	0.00309999
0.572029	2	1	4	8247	0.00302856
0.572029	2	1	5	8247	0.00302856
0.5751	2	1	4	8934	0.00309999
0.5751	2	1	5	8934	0.00309999
0.5761	2	1	4	8934	0.00309999
0.5761	2	1	5	8934	0.00309999
0.577029	2	1	4	8247	0.00302856
0.577029	2	1	5	8247	0.00302856
0.5801	2	1	4	8934	0.00309999
0.5801	2	1	5	8934	0.00309999
0.5811	2	1	4	8934	0.00309999
0.5811	2	1	5	8934	0.00309999
0.582029	2	1	4	8247	0.00302856
0.582029	2	1	5	8247	0.00302856
0.5851	2	1	4	8934	0.00309999
0.5851	2	1	5	8934	0.00309999
0.5861	2	1	4	8934	0.00309999
0.5861	2	1	5	8934	0.00309999
0.587029	2	1	4	8247	0.00302856
0.587029	2	1	5	8247	0.00302856
0.5901	2	1	4	8934	0.00309999
0.5901	2	1	5	8934	0.00309999
0.5911	2	1	4	8934	0.00309999
0.5911	2	1	5	8934	0.00309999
0.592029	2	1	4	8247	0.00302856
0.592029	2	1	5	8247	0.00302856
0.5951	2	1	4	8934	0.00309999
0.5951	2	1	5	8934	0.00309999
0.5961	2	1	4	8934	0.00309999
0.5961	2	1	5	8934	0.00309999
0.597029	2	1	4	8247	0.00302856
0.597029	2	1	5	8247	0.00302856
0.6001	2	1	4	8934	0.00309999
0.6001	2	1	5	8934	0.00309999
0.6011	2	1	4	8934	0.00309999
0.6011	2	1	5	8934	0.00309999
0.602029	2	1	4	8247	0.00302856
0.602029	2	1	5	8247	0.00302856
0.6051	2	1	4	8934	0.00309999
0.6051	2	1	5	8934	0.00309999
0.6061	2	1	4	8934	0.00309999
0.6061	2	1	5	8934	0.00309999
0.607029	2	1	4	8247	0.00302856
0.607029	2	1	5	8247	0.00302856
0.6101	2	1	4	8934	0.00309999
0.6101	2	1	5	8934	0.00309999
0.6111	2	1	4	8934	0.00309999
0.6111	2	1	5	8934	0.00309999
0.612029	2	1	4	8247	0.00302856
0.612029	2	1	5	8247	0.00302856
0.6151	2	1	4	8934	0.00309999
0.6151	2	1	5	8934	0.00309999
0.6161	2	1	4	8934	0.00309999
0.6161	2	1	5	8934	0.00309999
0.617029	2	1	4	8247	0.00302856
0.617029	2	1	5	8247	0.00302856
0.6201	2	1	4	8934	0.00309999
0.6201	2	1	5	8934	0.00309999
0.6211	2	1	4	8934	0.00309999
0.6211	2	1	5	8934	0.00309999
0.622029	2	1	4	8247	0.00302856
0.622029	2	1	5	8247	0.00302856
0.6251	2	1	4	8934	0.00309999
0.6251	2	1	5	8934	0.00309999
0.6261	2	1	4	8934	0.00309999
0.6261	2	1	5	8934	0.00309999
0.627029	2	1	4	8247	0.00302856
0.627029	2	1	5	8247	0.00302856
0.6301	2	1	4	8934	0.00309999
0.6301	2	1	5	8934	0.00309999
0.6311	2	1	4	8934	0.00309999
0.6311	2	1	5	8934	0.00309999
0.632029	2	1	4	8247	0.00302856
0.632029	2	1	5	8247	0.00302856
0.6351	2	1	4	8934	0.00309999
0.6351	2	1	5	8934	0.00309999
0.6361	2	1	4	8934	0.00309999
0.6361	2	1	5	8934	0.00309999
0.637029	2	1	4	8247	0.00302856
0.637029	2	1	5	8247	0.00302856
0.6401	2	1	4	8934	0.00309999
0.6401	2	1	5	8934	0.00309999
0.6411	2	1	4	8934	0.00309999
0.6411	2	1	5	8934	0.00309999
0.642029	2	1	4	8247	0.00302856
0.642029	2	1	5	8247	0.00302856
0.6451	2	1	4	8934	0.00309999
0.6451	2	1	5	8934	0.00309999
0.6461	2	1	4	8934	0.00309999
0.6461	2	1	5	8934	0.00309999
0.647029	2	1	4	8247	0.00302856
0.647029	2	1	5	8247	0.00302856
0.6501	2	1	4	8934	0.00309999
0.6501	2	1	5	8934	0.00309999
0.6511	2	1	4	8934	0.00309999
0.6511	2	1	5	8934	0.00309999
0.652029	2	1	4	8247	0.00302856
0.652029	2	1	5	8247	0.00302856
0.6551	2	1	4	8934	0.00309999
0.6551	2	1	5	8934	0.00309999
0.6561	2	1	4	8934	0.00309999
0.6561	2	1	5	8934	0.00309999
0.657029	2	1	4	8247	0.00302856
0.657029	2	1	5	8247	0.00302856
0.6601	2	1	4	8934	0.00309999
0.6601	2	1	5	8934	0.00309999
0.6611	2	1	4	8934	0.00309999
0.6611	2	1	5	8934	0.00309999
0.662029	2	1	4	8247	0.00302856
0.662029	2	1	5	8247	0.00302856
0.6651	2	1	4	8934	0.00309999
0.6651	2	1	5	8934	0.00309999
0.6661	2	1	4	8934	0.00309999
0.6661	2	1	5	8934	0.00309999
0.667029	2	1	4	8247	0.00302856
0.667029	2	1	5	8247	0.00302856
0.6701	2	1	4	8934	0.00309999
0.6701	2	1	5	8934	0.00309999
0.6711	2	1	4	8934	0.00309999
0.6711	2	1	5	8934	0.00309999
0.672029	2	1	4	8247	0.00302856
0.672029	2	1	5	8247	0.00302856
0.6751	2	1	4	8934	0.00309999
0.6751	2	1	5	8934	0.00309999
0.6761	2	1	4	8934	0.00309999
0.6761	2	1	5	8934	0.00309999
0.677029	2	1	4	8247	0.00302856
0.677029	2	1	5	8247	0.00302856
0.6801	2	1	4	8934	0.00309999
0.6801	2	1	5	8934	0.00309999
0.6811	2	1	4	8934	0.00309999
0.6811	2	1	5	8934	0.00309999
0.682029	2	1	4	8247	0.00302856
0.682029	2	1	5	8247	0.00302856
0.6851	2	1	4	8934	0.00309999
0.6851	2	1	5	8934	0.00309999
0.6861	2	1	4	8934	0.00309999
0.6861	2	1	5	8934	0.00309999
0.687029	2	1	4	8247	0.00302856
0.687029	2	1	5	8247	0.00302856
0.6901	2	1	4	8934	0.00309999
0.6901	2	1	5	8934	0.00309999
0.6911	2	1	4	8934	0.00309999
0.6911	2	1	5	8934	0.00309999
0.692029	2	1	4	8247	0.00302856
0.692029	2	1	5	8247	0.00302856
0.6951	2	1	4	8934	0.00309999
0.6951	2	1	5	8934	0.00309999
0.6961	2	1	4	8934	0.00309999
0.6961	2	1	5	8934	0.00309999
0.697029	2	1	4	8247	0.00302856
0.697029	2	1	5	8247	0.00302856
0.7001	2	1	4	8934	0.00309999
0.7001	2	1	5	8934	0.00309999
0.7011	2	1	4	8934	0.00309999
0.7011	2	1	5	8934	0.00309999
0.702029	2	1	4	8247	0.00302856
0.702029	2	1	5	8247	0.00302856
0.7051	2	1	4	8934	0.00309999
0.7051	2	1	5	8934	0.00309999
0.7061	2	1	4	8934	0.00309999
0.7061	2	1	5	8934	0.00309999
0.707029	2	1	4	8247	0.00302856
0.707029	2	1	5	8247	0.00302856
0.7101	2	1	4	8934	0.00309999
0.7101	2	1	5	8934	0.00309999
0.7111	2	1	4	8934	0.00309999
0.7111	2	1	5	8934	0.00309999
0.712029	2	1	4	8247	0.00302856
0.712029	2	1	5	8247	0.00302856
0.7151	2	1	4	8934	0.00309999
0.7151	2	1	5	8934	0.00309999
0.7161	2	1	4	8934	0.00309999
0.7161	2	1	5	8934	0.00309999
0.717029	2	1	4	8247	0.00302856
0.717029	2	1	5	8247	0.00302856
0.7201	2	1	4	8934	0.00309999
0.7201	2	1	5	8934	0.00309999
0.7211	2	1	4	8934	0.00309999
0.7211	2	1	5	8934	0.00309999
0.722029	2	1	4	8247	0.00302856
0.722029	2	1	5	8247	0.00302856
0.7251	2	1	4	8934	0.00309999
0.7251	2	1	5	8934	0.00309999
0.7261	2	1	4	8934	0.00309999
0.7261	2	1	5	8934	0.00309999
0.727029	2	1	4	8247	0.00302856
0.727029	2	1	5	8247	0.00302856
0.7301	2	1	4	8934	0.00309999
0.7301	2	1	5	8934	0.00309999
0.7311	2	1	4	8934	0.00309999
0.7311	2	1	5	8934	0.00309999
0.732029	2	1	4	8247	0.00302856
0.732029	2	1	5	8247	0.00302856
0.7351	2	1	4	8934	0.00309999
0.7351	2	1	5	8934	0.00309999
0.7361	2	1	4	8934	0.00309999
0.7361	2	1	5	8934	0.00309999
0.737029	2	1	4	8247	0.00302856
0.737029	2	1	5	8247	0.00302856
0.7401	2	1	4	8934	0.00309999
0.7401	2	1	5	8934	0.00309999
0.7411	2	1	4	8934	0.00309999
0.7411	2	1	5	8934	0.00309999
0.742029	2	1	4	8247	0.00302856
0.742029	2	1	5	8247	0.00302856
0.7451	2	1	4	8934	0.00309999
0.7451	2	1	5	8934	0.00309999
0.7461	2	1	4	8934	0.00309999
0.7461	2	1	5	8934	0.00309999
0.747029	2	1	4	8247	0.00302856
0.747029	2	1	5	8247	0.00302856
0.7501	2	1	4	8934	0.00309999
0.7501	2	1	5	8934	0.00309999
0.7511	2	1	4	8934	0.00309999
0.7511	2	1	5	8934	0.00309999
0.752029	2	1	4	8247	0.00302856
0.752029	2	1	5	8247	0.00302856
0.7551	2	1	4	8934	0.00309999
0.7551	2	1	5	8934	0.00309999
0.7561	2	1	4	8934	0.00309999
0.7561	2	1	5	8934	0.00309999
0.757029	2	1	4	8247	0.00302856
0.757029	2	1	5	8247	0.00302856
0.7601	2	1	4	8934	0.00309999
0.7601	2	1	5	8934	0.00309999
0.7611	2	1	4	8934	0.00309999
0.7611	2	1	5	8934	0.00309999
0.762029	2	1	4	8247	0.00302856
0.762029	2	1	5	8247	0.00302856
0.7651	2	1	4	8934	0.00309999
0.7651	2	1	5	8934	0.00309999
0.7661	2	1	4	8934	0.00309999
0.7661	2	1	5	8934	0.00309999
0.767029	2	1	4	8247	0.00302856
0.767029	2	1	5	8247	0.00302856
0.7701	2	1	4	8934	0.00309999
0.7701	2	1	5	8934	0.00309999
0.7711	2	1	4	8934	0.00309999
0.7711	2	1	5	8934	0.00309999
0.772029	2	1	4	8247	0.00302856
0.772029	2	1	5	8247	0.00302856
0.7751	2	1	4	8934	0.00309999
0.7751	2	1	5	8934	0.00309999
0.7761	2	1	4	8934	0.00309999
0.7761	2	1	5	8934	0.00309999
0.777029	2	1	4	8247	0.00302856
0.777029	2	1	5	8247	0.00302856
0.7801	2	1	4	8934	0.00309999
0.7801	2	1	5	8934	0.00309999
0.7811	2	1	4	8934	0.00309999
0.7811	2	1	5	8934	0.00309999
0.782029	2	1	4	8247	0.00302856
0.782029	2	1	5	8247	0.00302856
0.7851	2	1	4	8934	0.00309999
0.7851	2	1	5	8934	0.00309999
0.7861	2	1	4	8934	0.00309999
0.7861	2	1	5	8934	0.00309999
0.787029	2	1	4	8247	0.00302856
0.787029	2	1	5	8247	0.00302856
0.7901	2	1	4	8934	0.00309999
0.7901	2	1	5	8934	0.00309999
0.7911	2	1	4	8934	0.00309999
0.7911	2	1	5	8934	0.00309999
0.792029	2	1	4	8247	0.00302856
0.792029	2	1	5	8247	0.00302856
0.7951	2	1	4	8934	0.00309999
0.7951	2	1	5	8934	0.00309999
0.7961	2	1	4	8934	0.00309999
0.7961	2	1	5	8934	0.00309999
0.797029	2	1	4	8247	0.00302856
0.797029	2	1	5	8247	0.00302856
0.8001	2	1	4	8934	0.00309999
0.8001	2	1	5	8934	0.00309999
0.8011	2	1	4	8934	0.00309999
0.8011	2	1	5	8934	0.00309999
0.802029	2	1	4	8247	0.00302856
0.802029	2	1	5	8247	0.00302856
0.8051	2	1	4	8934	0.00309999
0.8051	2	1	5	8934	0.00309999
0.8061	2	1	4	8934	0.00309999
0.8061	2	1	5	8934	0.00309999
0.807029	2	1	4	8247	0.00302856
0.807029	2	1	5	8247	0.00302856
0.8101	2	1	4	8934	0.00309999
0.8101	2	1	5	8934	0.00309999
0.8111	2	1	4	8934	0.00309999
0.8111	2	1	5	8934	0.00309999
0.812029	2	1	4	8247	0.00302856
0.812029	2	1	5	8247	0.00302856
0.8151	2	1	4	8934	0.00309999
0.8151	2	1	5	8934	0.00309999
0.8161	2	1	4	8934	0.00309999
0.8161	2	1	5	8934	0.00309999
0.817029	2	1	4	8247	0.00302856
0.817029	2	1	5	8247	0.00302856
0.8201	2	1	4	8934	0.00309999
0.8201	2	1	5	8934	0.00309999
0.8211	2	1	4	8934	0.00309999
0.8211	2	1	5	8934	0.00309999
0.822029	2	1	4	8247	0.00302856
0.822029	2	1	5	8247	0.00302856
0.8251	2	1	4	8934	0.00309999
0.8251	2	1	5	8934	0.00309999
0.8261	2	1	4	8934	0.00309999
0.8261	2	1	5	8934	0.00309999
0.827029	2	1	4	8247	0.00302856
0.827029	2	1	5	8247	0.00302856
0.8301	2	1	4	8934	0.00309999
0.8301	2	1	5	8934	0.00309999
0.8311	2	1	4	8934	0.00309999
0.8311	2	1	5	8934	0.00309999
0.832029	2	1	4	8247	0.00302856
0.832029	2	1	5	8247	0.00302856
0.8351	2	1	4	8934	0.00309999
0.8351	2	1	5	8934	0.00309999
0.8361	2	1	4	8934	0.00309999
0.8361	2	1	5	8934	0.00309999
0.837029	2	1	4	8247	0.00302856
0.837029	2	1	5	8247	0.00302856
0.8401	2	1	4	8934	0.00309999
0.8401	2	1	5	8934	0.00309999
0.8411	2	1	4	8934	0.00309999
0.8411	2	1	5	8934	0.00309999
0.842029	2	1	4	8247	0.00302856
0.842029	2	1	5	8247	0.00302856
0.8451	2	1	4	8934	0.00309999
0.8451	2	1	5	8934	0.00309999
0.8461	2	1	4	8934	0.00309999
0.8461	2	1	5	8934	0.00309999
0.847029	2	1	4	8247	0.00302856
0.847029	2	1	5	8247	0.00302856
0.8501	2	1	4	8934	0.00309999
0.8501	2	1	5	8934	0.00309999
0.8511	2	1	4	8934	0.00309999
0.8511	2	1	5	8934	0.00309999
0.852029	2	1	4	8247	0.00302856
0.852029	2	1	5	8247	0.00302856
0.8551	2	1	4	8934	0.00309999
0.8551	2	1	5	8934	0.00309999
0.8561	2	1	4	8934	0.00309999
0.8561	2	1	5	8934	0.00309999
0.857029	2	1	4	8247	0.00302856
0.857029	2	1	5	8247	0.00302856
0.8601	2	1	4	8934	0.00309999
0.8601	2	1	5	8934	0.00309999
0.8611	2	1	4	8934	0.00309999
0.8611	2	1	5	8934	0.00309999
0.862029	2	1	4	8247	0.00302856
0.862029	2	1	5	8247	0.00302856
0.8651	2	1	4	8934	0.00309999
0.8651	2	1	5	8934	0.00309999
0.8661	2	1	4	8934	0.00309999
0.8661	2	1	5	8934	0.00309999
0.867029	2	1	4	8247	0.00302856
0.867029	2	1	5	8247	0.00302856
0.8701	2	1	4	8934	0.00309999
0.8701	2	1	5	8934	0.00309999
0.8711	2	1	4	8934	0.00309999
0.8711	2	1	5	8934	0.00309999
0.872029	2	1	4	8247	0.00302856
0.872029	2	1	5	8247	0.00302856
0.8751	2	1	4	8934	0.00309999
0.8751	2	1	5	8934	0.00309999
0.8761	2	1	4	8934	0.00309999
0.8761	2	1	5	8934	0.00309999
0.877029	2	1	4	8247	0.00302856
0.877029	2	1	5	8247	0.00302856
0.8801	2	1	4	8934	0.00309999
0.8801	2	1	5	8934	0.00309999
0.8811	2	1	4	8934	0.00309999
0.8811	2	1	5	8934	0.00309999
0.882029	2	1	4	8247	0.00302856
0.882029	2	1	5	8247	0.00302856
0.8851	2	1	4	8934	0.00309999
0.8851	2	1	5	8934	0.00309999
0.8861	2	1	4	8934	0.00309999
0.8861	2	1	5	8934	0.00309999
0.887029	2	1	4	8247	0.00302856
0.887029	2	1	5	8247	0.00302856
0.8901	2	1	4	8934	0.00309999
0.8901	2	1	5	8934	0.00309999
0.8911	2	1	4	8934	0.00309999
0.8911	2	1	5	8934	0.00309999
0.892029	2	1	4	8247	0.00302856
0.892029	2	1	5	8247	0.00302856
0.8951	2	1	4	8934	0.00309999
0.8951	2	1	5	8934	0.00309999
0.8961	2	1	4	8934	0.00309999
0.8961	2	1	5	8934	0.00309999
0.897029	2	1	4	8247	0.00302856
0.897029	2	1	5	8247	0.00302856
0.9001	2	1	4	8934	0.00309999
0.9001	2	1	5	8934	0.00309999
0.9011	2	1	4	8934	0.00309999
0.9011	2	1	5	8934	0.00309999
0.902029	2	1	4	8247	0.00302856
0.902029	2	1	5	8247	0.00302856
0.9051	2	1	4	8934	0.00309999
0.9051	2	1	5	8934	0.00309999
0.9061	2	1	4	8934	0.00309999
0.9061	2	1	5	8934	0.00309999
0.907029	2	1	4	8247	0.00302856
0.907029	2	1	5	8247	0.00302856
0.9101	2	1	4	8934	0.00309999
0.9101	2	1	5	8934	0.00309999
0.9111	2	1	4	8934	0.00309999
0.9111	2	1	5	8934	0.00309999
0.912029	2	1	4	8247	0.00302856
0.912029	2	1	5	8247	0.00302856
0.9151	2	1	4	8934	0.00309999
0.9151	2	1	5	8934	0.00309999
0.9161	2	1	4	8934	0.00309999
0.9161	2	1	5	8934	0.00309999
0.917029	2	1	4	8247	0.00302856
0.917029	2	1	5	8247	0.00302856
0.9201	2	1	4	8934	0.00309999
0.9201	2	1	5	8934	0.00309999
0.9211	2	1	4	8934	0.00309999
0.9211	2	1	5	8934	0.00309999
0.922029	2	1	4	8247	0.00302856
0.922029	2	1	5	8247	0.00302856
0.9251	2	1	4	8934	0.00309999
0.9251	2	1	5	8934	0.00309999
0.9261	2	1	4	8934	0.00309999
0.9261	2	1	5	8934	0.00309999
0.927029	2	1	4	8247	0.00302856
0.927029	2	1	5	8247	0.00302856
0.9301	2	1	4	8934	0.00309999
0.9301	2	1	5	8934	0.00309999
0.9311	2	1	4	8934	0.00309999
0.9311	2	1	5	8934	0.00309999
0.932029	2	1	4	8247	0.00302856
0.932029	2	1	5	8247	0.00302856
0.9351	2	1	4	8934	0.00309999
0.9351	2	1	5	8934	0.00309999
0.9361	2	1	4	8934	0.00309999
0.9361	2	1	5	8934	0.00309999
0.937029	2	1	4	8247	0.00302856
0.937029	2	1	5	8247	0.00302856
0.9401	2	1	4	8934	0.00309999
0.9401	2	1	5	8934	0.00309999
0.9411	2	1	4	8934	0.00309999
0.9411	2	1	5	8934	0.00309999
0.942029	2	1	4	8247	0.00302856
0.942029	2	1	5	8247	0.00302856
0.9451	2	1	4	8934	0.00309999
0.9451	2	1	5	8934	0.00309999
0.9461	2	1	4	8934	0.00309999
0.9461	2	1	5	8934	0.00309999
0.947029	2	1	4	8247	0.00302856
0.947029	2	1	5	8247	0.00302856
0.9501	2	1	4	8934	0.00309999
0.9501	2	1	5	8934	0.00309999
0.9511	2	1	4	8934	0.00309999
0.9511	2	1	5	8934	0.00309999
0.952029	2	1	4	8247	0.00302856
0.952029	2	1	5	8247	0.00302856
0.9551	2	1	4	8934	0.00309999
0.9551	2	1	5	8934	0.00309999
0.9561	2	1	4	8934	0.00309999
0.9561	2	1	5	8934	0.00309999
0.957029	2	1	4	8247	0.00302856
0.957029	2	1	5	8247	0.00302856
0.9601	2	1	4	8934	0.00309999
0.9601	2	1	5	8934	0.00309999
0.9611	2	1	4	8934	0.00309999
0.9611	2	1	5	8934	0.00309999
0.962029	2	1	4	8247	0.00302856
0.962029	2	1	5	8247	0.00302856
0.9651	2	1	4	8934	0.00309999
0.9651	2	1	5	8934	0.00309999
0.9661	2	1	4	8934	0.00309999
0.9661	2	1	5	8934	0.00309999
0.967029	2	1	4	8247	0.00302856
0.967029	2	1	5	8247	0.00302856
0.9701	2	1	4	8934	0.00309999
0.9701	2	1	5	8934	0.00309999
0.9711	2	1	4	8934	0.00309999
0.9711	2	1	5	8934	0.00309999
0.972029	2	1	4	8247	0.00302856
0.972029	2	1	5	8247	0.00302856
0.9751	2	1	4	8934	0.00309999
0.9751	2	1	5	8934	0.00309999
0.9761	2	1	4	8934	0.00309999
0.9761	2	1	5	8934	0.00309999
0.977029	2	1	4	8247	0.00302856
0.977029	2	1	5	8247	0.00302856
0.9801	2	1	4	8934	0.00309999
0.9801	2	1	5	8934	0.00309999
0.9811	2	1	4	8934	0.00309999
0.9811	2	1	5	8934	0.00309999
0.982029	2	1	4	8247	0.00302856
0.982029	2	1	5	8247	0.00302856
0.9851	2	1	4	8934	0.00309999
0.9851	2	1	5	8934	0.00309999
0.9861	2	1	4	8934	0.00309999
0.9861	2	1	5	8934	0.00309999
0.987029	2	1	4	8247	0.00302856
0.987029	2	1	5	8247	0.00302856
0.9901	2	1	4	8934	0.00309999
0.9901	2	1	5	8934	0.00309999
0.9911	2	1	4	8934	0.00309999
0.9911	2	1	5	8934	0.00309999
0.992029	2	1	4	8247	0.00302856
0.992029	2	1	5	8247	0.00302856
0.9951	2	1	4	8934	0.00309999
0.9951	2	1	5	8934	0.00309999
0.9961	2	1	4	8934	0.00309999
0.9961	2	1	5	8934	0.00309999
0.997029	2	1	4	8247	0.00302856
0.997029	2	1	5	8247	0.00302856
1.0001	2	1	4	8934	0.00309999
1.0001	2	1	5	8934	0.00309999
1.0011	2	1	4	8934	0.00309999
1.0011	2	1	5	8934	0.00309999
1.00203	2	1	4	8247	0.00302856
1.00203	2	1	5	8247	0.00302856
1.0051	2	1	4	8934	0.00309999
1.0051	2	1	5	8934	0.00309999
1.0061	2	1	4	8934	0.00309999
1.0061	2	1	5	8934	0.00309999
1.00703	2	1	4	8247	0.00302856
1.00703	2	1	5	8247	0.00302856
1.0101	2	1	4	8934	0.00309999
1.0101	2	1	5	8934	0.00309999
1.0111	2	1	4	8934	0.00309999
1.0111	2	1	5	8934	0.00309999
1.01203	2	1	4	8247	0.00302856
1.01203	2	1	5	8247	0.00302856
1.0151	2	1	4	8934	0.00309999
1.0151	2	1	5	8934	0.00309999
1.0161	2	1	4	8934	0.00309999
1.0161	2	1	5	8934	0.00309999
1.01703	2	1	4	8247	0.00302856
1.01703	2	1	5	8247	0.00302856
1.0201	2	1	4	8934	0.00309999
1.0201	2	1	5	8934	0.00309999
1.0211	2	1	4	8934	0.00309999
1.0211	2	1	5	8934	0.00309999
1.02203	2	1	4	8247	0.00302856
1.02203	2	1	5	8247	0.00302856
1.0251	2	1	4	8934	0.00309999
1.0251	2	1	5	8934	0.00309999
1.0261	2	1	4	8934	0.00309999
1.0261	2	1	5	8934	0.00309999
1.02703	2	1	4	8247	0.00302856
1.02703	2	1	5	8247	0.00302856
1.0301	2	1	4	8934	0.00309999
1.0301	2	1	5	8934	0.00309999
1.0311	2	1	4	8934	0.00309999
1.0311	2	1	5	8934	0.00309999
1.03203	2	1	4	8247	0.00302856
1.03203	2	1	5	8247	0.00302856
1.0351	2	1	4	8934	0.00309999
1.0351	2	1	5	8934	0.00309999
1.0361	2	1	4	8934	0.00309999
1.0361	2	1	5	8934	0.00309999
1.03703	2	1	4	8247	0.00302856
1.03703	2	1	5	8247	0.00302856
1.0401	2	1	4	8934	0.00309999
1.0401	2	1	5	8934	0.00309999
1.0411	2	1	4	8934	0.00309999
1.0411	2	1	5	8934	0.00309999
1.04203	2	1	4	8247	0.00302856
1.04203	2	1	5	8247	0.00302856
1.0451	2	1	4	8934	0.00309999
1.0451	2	1	5	8934	0.00309999
1.0461	2	1	4	8934	0.00309999
1.0461	2	1	5	8934	0.00309999
1.04703	2	1	4	8247	0.00302856
1.04703	2	1	5	8247	0.00302856
1.0501	2	1	4	8934	0.00309999
1.0501	2	1	5	8934	0.00309999
1.0511	2	1	4	8934	0.00309999
1.0511	2	1	5	8934	0.00309999
1.05203	2	1	4	8247	0.00302856
1.05203	2	1	5	8247	0.00302856
1.0551	2	1	4	8934	0.00309999
1.0551	2	1	5	8934	0.00309999
1.0561	2	1	4	8934	0.00309999
1.0561	2	1	5	8934	0.00309999
1.05703	2	1	4	8247	0.00302856
1.05703	2	1	5	8247	0.00302856
1.0601	2	1	4	8934	0.00309999
1.0601	2	1	5	8934	0.00309999
1.0611	2	1	4	8934	0.00309999
1.0611	2	1	5	8934	0.00309999
1.06203	2	1	4	8247	0.00302856
1.06203	2	1	5	8247	0.00302856
1.0651	2	1	4	8934	0.00309999
1.0651	2	1	5	8934	0.00309999
1.0661	2	1	4	8934	0.00309999
1.0661	2	1	5	8934	0.00309999
1.06703	2	1	4	8247	0.00302856
1.06703	2	1	5	8247	0.00302856
1.0701	2	1	4	8934	0.00309999
1.0701	2	1	5	8934	0.00309999
1.0711	2	1	4	8934	0.00309999
1.0711	2	1	5	8934	0.00309999
1.07203	2	1	4	8247	0.00302856
1.07203	2	1	5	8247	0.00302856
1.0751	2	1	4	8934	0.00309999
1.0751	2	1	5	8934	0.00309999
1.0761	2	1	4	8934	0.00309999
1.0761	2	1	5	8934	0.00309999
1.07703	2	1	4	8247	0.00302856
1.07703	2	1	5	8247	0.00302856
1.0801	2	1	4	8934	0.00309999
1.0801	2	1	5	8934	0.00309999
1.0811	2	1	4	8934	0.00309999
1.0811	2	1	5	8934	0.00309999
1.08203	2	1	4	8247	0.00302856
1.08203	2	1	5	8247	0.00302856
1.0851	2	1	4	8934	0.00309999
1.0851	2	1	5	8934	0.00309999
1.0861	2	1	4	8934	0.00309999
1.0861	2	1	5	8934	0.00309999
1.08703	2	1	4	8247	0.00302856
1.08703	2	1	5	8247	0.00302856
1.0901	2	1	4	8934	0.00309999
1.0901	2	1	5	8934	0.00309999
1.0911	2	1	4	8934	0.00309999
1.0911	2	1	5	8934	0.00309999
1.09203	2	1	4	8247	0.00302856
1.09203	2	1	5	8247	0.00302856
1.0951	2	1	4	8934	0.00309999
1.0951	2	1	5	8934	0.00309999
1.0961	2	1	4	8934	0.00309999
1.0961	2	1	5	8934	0.00309999
1.09703	2	1	4	8247	0.00302856
1.09703	2	1	5	8247	0.00302856
1.1001	2	1	4	8934	0.00309999
1.1001	2	1	5	8934	0.00309999
1.1011	2	1	4	8934	0.00309999
1.1011	2	1	5	8934	0.00309999
1.10203	2	1	4	8247	0.00302856
1.10203	2	1	5	8247	0.00302856
1.1051	2	1	4	8934	0.00309999
1.1051	2	1	5	8934	0.00309999
1.1061	2	1	4	8934	0.00309999
1.1061	2	1	5	8934	0.00309999
1.10703	2	1	4	8247	0.00302856
1.10703	2	1	5	8247	0.00302856
1.1101	2	1	4	8934	0.00309999
1.1101	2	1	5	8934	0.00309999
1.1111	2	1	4	8934	0.00309999
1.1111	2	1	5	8934	0.00309999
1.11203	2	1	4	8247	0.00302856
1.11203	2	1	5	8247	0.00302856
1.1151	2	1	4	8934	0.00309999
1.1151	2	1	5	8934	0.00309999
1.1161	2	1	4	8934	0.00309999
1.1161	2	1	5	8934	0.00309999
1.11703	2	1	4	8247	0.00302856
1.11703	2	1	5	8247	0.00302856
1.1201	2	1	4	8934	0.00309999
1.1201	2	1	5	8934	0.00309999
1.1211	2	1	4	8934	0.00309999
1.1211	2	1	5	8934	0.00309999
1.12203	2	1	4	8247	0.00302856
1.12203	2	1	5	8247	0.00302856
1.1251	2	1	4	8934	0.00309999
1.1251	2	1	5	8934	0.00309999
1.1261	2	1	4	8934	0.00309999
1.1261	2	1	5	8934	0.00309999
1.12703	2	1	4	8247	0.00302856
1.12703	2	1	5	8247	0.00302856
1.1301	2	1	4	8934	0.00309999
1.1301	2	1	5	8934	0.00309999
1.1311	2	1	4	8934	0.00309999
1.1311	2	1	5	8934	0.00309999
1.13203	2	1	4	8247	0.00302856
1.13203	2	1	5	8247	0.00302856
1.1351	2	1	4	8934	0.00309999
1.1351	2	1	5	8934	0.00309999
1.1361	2	1	4	8934	0.00309999
1.1361	2	1	5	8934	0.00309999
1.13703	2	1	4	8247	0.00302856
1.13703	2	1	5	8247	0.00302856
1.1401	2	1	4	8934	0.00309999
1.1401	2	1	5	8934	0.00309999
1.1411	2	1	4	8934	0.00309999
1.1411	2	1	5	8934	0.00309999
1.14203	2	1	4	8247	0.00302856
1.14203	2	1	5	8247	0.00302856
1.1451	2	1	4	8934	0.00309999
1.1451	2	1	5	8934	0.00309999
1.1461	2	1	4	8934	0.00309999
1.1461	2	1	5	8934	0.00309999
1.14703	2	1	4	8247	0.00302856
1.14703	2	1	5	8247	0.00302856
1.1501	2	1	4	8934	0.00309999
1.1501	2	1	5	8934	0.00309999
1.1511	2	1	4	8934	0.00309999
1.1511	2	1	5	8934	0.00309999
1.15203	2	1	4	8247	0.00302856
1.15203	2	1	5	8247	0.00302856
1.1551	2	1	4	8934	0.00309999
1.1551	2	1	5	8934	0.00309999
1.1561	2	1	4	8934	0.00309999
1.1561	2	1	5	8934	0.00309999
1.15703	2	1	4	8247	0.00302856
1.15703	2	1	5	8247	0.00302856
1.1601	2	1	4	8934	0.00309999
1.1601	2	1	5	8934	0.00309999
1.1611	2	1	4	8934	0.00309999
1.1611	2	1	5	8934	0.00309999
1.16203	2	1	4	8247	0.00302856
1.16203	2	1	5	8247	0.00302856
1.1651	2	1	4	8934	0.00309999
1.1651	2	1	5	8934	0.00309999
1.1661	2	1	4	8934	0.00309999
1.1661	2	1	5	8934	0.00309999
1.16703	2	1	4	8247	0.00302856
1.16703	2	1	5	8247	0.00302856
1.1701	2	1	4	8934	0.00309999
1.1701	2	1	5	8934	0.00309999
1.1711	2	1	4	8934	0.00309999
1.1711	2	1	5	8934	0.00309999
1.17203	2	1	4	8247	0.00302856
1.17203	2	1	5	8247	0.00302856
1.1751	2	1	4	8934	0.00309999
1.1751	2	1	5	8934	0.00309999
1.1761	2	1	4	8934	0.00309999
1.1761	2	1	5	8934	0.00309999
1.17703	2	1	4	8247	0.00302856
1.17703	2	1	5	8247	0.00302856
1.1801	2	1	4	8934	0.00309999
1.1801	2	1	5	8934	0.00309999
1.1811	2	1	4	8934	0.00309999
1.1811	2	1	5	8934	0.00309999
1.18203	2	1	4	8247	0.00302856
1.18203	2	1	5	8247	0.00302856
1.1851	2	1	4	8934	0.00309999
1.1851	2	1	5	8934	0.00309999
1.1861	2	1	4	8934	0.00309999
1.1861	2	1	5	8934	0.00309999
1.18703	2	1	4	8247	0.00302856
1.18703	2	1	5	8247	0.00302856
1.1901	2	1	4	8934	0.00309999
1.1901	2	1	5	8934	0.00309999
1.1911	2	1	4	8934	0.00309999
1.1911	2	1	5	8934	0.00309999
1.19203	2	1	4	8247	0.00302856
1.19203	2	1	5	8247	0.00302856
1.1951	2	1	4	8934	0.00309999
1.1951	2	1	5	8934	0.00309999
1.1961	2	1	4	8934	0.00309999
1.1961	2	1	5	8934	0.00309999
1.19703	2	1	4	8247	0.00302856
1.19703	2	1	5	8247	0.00302856
1.2001	2	1	4	8934	0.00309999
1.2001	2	1	5	8934	0.00309999
1.2011	2	1	4	8934	0.00309999
1.2011	2	1	5	8934	0.00309999
1.20203	2	1	4	8247	0.00302856
1.20203	2	1	5	8247	0.00302856
1.2051	2	1	4	8934	0.00309999
1.2051	2	1	5	8934	0.00309999
1.2061	2	1	4	8934	0.00309999
1.2061	2	1	5	8934	0.00309999
1.20703	2	1	4	8247	0.00302856
1.20703	2	1	5	8247	0.00302856
1.2101	2	1	4	8934	0.00309999
1.2101	2	1	5	8934	0.00309999
1.2111	2	1	4	8934	0.00309999
1.2111	2	1	5	8934	0.00309999
1.21203	2	1	4	8247	0.00302856
1.21203	2	1	5	8247	0.00302856
1.2151	2	1	4	8934	0.00309999
1.2151	2	1	5	8934	0.00309999
1.2161	2	1	4	8934	0.00309999
1.2161	2	1	5	8934	0.00309999
1.21703	2	1	4	8247	0.00302856
1.21703	2	1	5	8247	0.00302856
1.2201	2	1	4	8934	0.00309999
1.2201	2	1	5	8934	0.00309999
1.2211	2	1	4	8934	0.00309999
1.2211	2	1	5	8934	0.00309999
1.22203	2	1	4	8247	0.00302856
1.22203	2	1	5	8247	0.00302856
1.2251	2	1	4	8934	0.00309999
1.2251	2	1	5	8934	0.00309999
1.2261	2	1	4	8934	0.00309999
1.2261	2	1	5	8934	0.00309999
1.22703	2	1	4	8247	0.00302856
1.22703	2	1	5	8247	0.00302856
1.2301	2	1	4	8934	0.00309999
1.2301	2	1	5	8934	0.00309999
1.2311	2	1	4	8934	0.00309999
1.2311	2	1	5	8934	0.00309999
1.23203	2	1	4	8247	0.00302856
1.23203	2	1	5	8247	0.00302856
1.2351	2	1	4	8934	0.00309999
1.2351	2	1	5	8934	0.00309999
1.2361	2	1	4	8934	0.00309999
1.2361	2	1	5	8934	0.00309999
1.23703	2	1	4	8247	0.00302856
1.23703	2	1	5	8247	0.00302856
1.2401	2	1	4	8934	0.00309999
1.2401	2	1	5	8934	0.00309999
1.2411	2	1	4	8934	0.00309999
1.2411	2	1	5	8934	0.00309999
1.24203	2	1	4	8247	0.00302856
1.24203	2	1	5	8247	0.00302856
1.2451	2	1	4	8934	0.00309999
1.2451	2	1	5	8934	0.00309999
1.2461	2	1	4	8934	0.00309999
1.2461	2	1	5	8934	0.00309999
1.24703	2	1	4	8247	0.00302856
1.24703	2	1	5	8247	0.00302856
1.2501	2	1	4	8934	0.00309999
1.2501	2	1	5	8934	0.00309999
1.2511	2	1	4	8934	0.00309999
1.2511	2	1	5	8934	0.00309999
1.25203	2	1	4	8247	0.00302856
1.25203	2	1	5	8247	0.00302856
1.2551	2	1	4	8934	0.00309999
1.2551	2	1	5	8934	0.00309999
1.2561	2	1	4	8934	0.00309999
1.2561	2	1	5	8934	0.00309999
1.25703	2	1	4	8247	0.00302856
1.25703	2	1	5	8247	0.00302856
1.2601	2	1	4	8934	0.00309999
1.2601	2	1	5	8934	0.00309999
1.2611	2	1	4	8934	0.00309999
1.2611	2	1	5	8934	0.00309999
1.26203	2	1	4	8247	0.00302856
1.26203	2	1	5	8247	0.00302856
1.2651	2	1	4	8934	0.00309999
1.2651	2	1	5	8934	0.00309999
1.2661	2	1	4	8934	0.00309999
1.2661	2	1	5	8934	0.00309999
1.26703	2	1	4	8247	0.00302856
1.26703	2	1	5	8247	0.00302856
1.2701	2	1	4	8934	0.00309999
1.2701	2	1	5	8934	0.00309999
1.2711	2	1	4	8934	0.00309999
1.2711	2	1	5	8934	0.00309999
1.27203	2	1	4	8247	0.00302856
1.27203	2	1	5	8247	0.00302856
1.2751	2	1	4	8934	0.00309999
1.2751	2	1	5	8934	0.00309999
1.2761	2	1	4	8934	0.00309999
1.2761	2	1	5	8934	0.00309999
1.27703	2	1	4	8247	0.00302856
1.27703	2	1	5	8247	0.00302856
1.2801	2	1	4	8934	0.00309999
1.2801	2	1	5	8934	0.00309999
1.2811	2	1	4	8934	0.00309999
1.2811	2	1	5	8934	0.00309999
1.28203	2	1	4	8247	0.00302856
1.28203	2	1	5	8247	0.00302856
1.2851	2	1	4	8934	0.00309999
1.2851	2	1	5	8934	0.00309999
1.2861	2	1	4	8934	0.00309999
1.2861	2	1	5	8934	0.00309999
1.28703	2	1	4	8247	0.00302856
1.28703	2	1	5	8247	0.00302856
1.2901	2	1	4	8934	0.00309999
1.2901	2	1	5	8934	0.00309999
1.2911	2	1	4	8934	0.00309999
1.2911	2	1	5	8934	0.00309999
1.29203	2	1	4	8247	0.00302856
1.29203	2	1	5	8247	0.00302856
1.2951	2	1	4	8934	0.00309999
1.2951	2	1	5	8934	0.00309999
1.2961	2	1	4	8934	0.00309999
1.2961	2	1	5	8934	0.00309999
1.29703	2	1	4	8247	0.00302856
1.29703	2	1	5	8247	0.00302856
1.3001	2	1	4	8934	0.00309999
1.3001	2	1	5	8934	0.00309999
1.3011	2	1	4	8934	0.00309999
1.3011	2	1	5	8934	0.00309999
1.30203	2	1	4	8247	0.00302856
1.30203	2	1	5	8247	0.00302856
1.3051	2	1	4	8934	0.00309999
1.3051	2	1	5	8934	0.00309999
1.3061	2	1	4	8934	0.00309999
1.3061	2	1	5	8934	0.00309999
1.30703	2	1	4	8247	0.00302856
1.30703	2	1	5	8247	0.00302856
1.3101	2	1	4	8934	0.00309999
1.3101	2	1	5	8934	0.00309999
1.3111	2	1	4	8934	0.00309999
1.3111	2	1	5	8934	0.00309999
1.31203	2	1	4	8247	0.00302856
1.31203	2	1	5	8247	0.00302856
1.3151	2	1	4	8934	0.00309999
1.3151	2	1	5	8934	0.00309999
1.3161	2	1	4	8934	0.00309999
1.3161	2	1	5	8934	0.00309999
1.31703	2	1	4	8247	0.00302856
1.31703	2	1	5	8247	0.00302856
1.3201	2	1	4	8934	0.00309999
1.3201	2	1	5	8934	0.00309999
1.3211	2	1	4	8934	0.00309999
1.3211	2	1	5	8934	0.00309999
1.32203	2	1	4	8247	0.00302856
1.32203	2	1	5	8247	0.00302856
1.3251	2	1	4	8934	0.00309999
1.3251	2	1	5	8934	0.00309999
1.3261	2	1	4	8934	0.00309999
1.3261	2	1	5	8934	0.00309999
1.32703	2	1	4	8247	0.00302856
1.32703	2	1	5	8247	0.00302856
1.3301	2	1	4	8934	0.00309999
1.3301	2	1	5	8934	0.00309999
1.3311	2	1	4	8934	0.00309999
1.3311	2	1	5	8934	0.00309999
1.33203	2	1	4	8247	0.00302856
1.33203	2	1	5	8247	0.00302856
1.3351	2	1	4	8934	0.00309999
1.3351	2	1	5	8934	0.00309999
1.3361	2	1	4	8934	0.00309999
1.3361	2	1	5	8934	0.00309999
1.33703	2	1	4	8247	0.00302856
1.33703	2	1	5	8247	0.00302856
1.3401	2	1	4	8934	0.00309999
1.3401	2	1	5	8934	0.00309999
1.3411	2	1	4	8934	0.00309999
1.3411	2	1	5	8934	0.00309999
1.34203	2	1	4	8247	0.00302856
1.34203	2	1	5	8247	0.00302856
1.3451	2	1	4	8934	0.00309999
1.3451	2	1	5	8934	0.00309999
1.3461	2	1	4	8934	0.00309999
1.3461	2	1	5	8934	0.00309999
1.34703	2	1	4	8247	0.00302856
1.34703	2	1	5	8247	0.00302856
1.3501	2	1	4	8934	0.00309999
1.3501	2	1	5	8934	0.00309999
1.3511	2	1	4	8934	0.00309999
1.3511	2	1	5	8934	0.00309999
1.35203	2	1	4	8247	0.00302856
1.35203	2	1	5	8247	0.00302856
1.3551	2	1	4	8934	0.00309999
1.3551	2	1	5	8934	0.00309999
1.3561	2	1	4	8934	0.00309999
1.3561	2	1	5	8934	0.00309999
1.35703	2	1	4	8247	0.00302856
1.35703	2	1	5	8247	0.00302856
1.3601	2	1	4	8934	0.00309999
1.3601	2	1	5	8934	0.00309999
1.3611	2	1	4	8934	0.00309999
1.3611	2	1	5	8934	0.00309999
1.36203	2	1	4	8247	0.00302856
1.36203	2	1	5	8247	0.00302856
1.3651	2	1	4	8934	0.00309999
1.3651	2	1	5	8934	0.00309999
1.3661	2	1	4	8934	0.00309999
1.3661	2	1	5	8934	0.00309999
1.36703	2	1	4	8247	0.00302856
1.36703	2	1	5	8247	0.00302856
1.3701	2	1	4	8934	0.00309999
1.3701	2	1	5	8934	0.00309999
1.3711	2	1	4	8934	0.00309999
1.3711	2	1	5	8934	0.00309999
1.37203	2	1	4	8247	0.00302856
1.37203	2	1	5	8247	0.00302856
1.3751	2	1	4	8934	0.00309999
1.3751	2	1	5	8934	0.00309999
1.3761	2	1	4	8934	0.00309999
1.3761	2	1	5	8934	0.00309999
1.37703	2	1	4	8247	0.00302856
1.37703	2	1	5	8247	0.00302856
1.3801	2	1	4	8934	0.00309999
1.3801	2	1	5	8934	0.00309999
1.3811	2	1	4	8934	0.00309999
1.3811	2	1	5	8934	0.00309999
1.38203	2	1	4	8247	0.00302856
1.38203	2	1	5	8247	0.00302856
1.3851	2	1	4	8934	0.00309999
1.3851	2	1	5	8934	0.00309999
1.3861	2	1	4	8934	0.00309999
1.3861	2	1	5	8934	0.00309999
1.38703	2	1	4	8247	0.00302856
1.38703	2	1	5	8247	0.00302856
1.3901	2	1	4	8934	0.00309999
1.3901	2	1	5	8934	0.00309999
1.3911	2	1	4	8934	0.00309999
1.3911	2	1	5	8934	0.00309999
1.39203	2	1	4	8247	0.00302856
1.39203	2	1	5	8247	0.00302856
1.3951	2	1	4	8934	0.00309999
1.3951	2	1	5	8934	0.00309999
1.3961	2	1	4	8934	0.00309999
1.3961	2	1	5	8934	0.00309999
1.39703	2	1	4	8247	0.00302856
1.39703	2	1	5	8247	0.00302856
