% time(s)	cellId	bwpId	IMSI	RNTI	frame	sframe	slot	symStart	numSym	harqId	ndi	rv	mcs	tbSize
0.404	1	0	2	1	40	8	0	7	3	15	1	0	0	31
0.404	1	0	1	2	40	8	0	10	3	15	1	0	0	31
0.409	1	0	2	1	41	3	0	0	13	15	1	0	28	5211
0.413	1	0	2	1	41	7	0	0	6	14	1	0	28	2404
0.413	1	0	1	2	41	7	0	6	7	15	1	0	28	2806
0.414	1	0	2	1	41	8	0	0	6	15	1	0	28	2404
0.414	1	0	1	2	41	8	0	6	7	14	1	0	28	2806
0.418	1	0	2	1	42	2	0	0	6	14	1	0	28	2404
0.418	1	0	1	2	42	2	0	6	7	15	1	0	28	2806
0.419	1	0	2	1	42	3	0	0	6	15	1	0	28	2404
0.419	1	0	1	2	42	3	0	6	7	14	1	0	28	2806
0.423	1	0	2	1	42	7	0	0	6	14	1	0	28	2404
0.423	1	0	1	2	42	7	0	6	7	15	1	0	28	2806
0.424	1	0	2	1	42	8	0	0	6	15	1	0	28	2404
0.424	1	0	1	2	42	8	0	6	7	14	1	0	28	2806
0.428	1	0	2	1	43	2	0	0	6	14	1	0	28	2404
0.428	1	0	1	2	43	2	0	6	7	15	1	0	28	2806
0.429	1	0	2	1	43	3	0	0	6	15	1	0	28	2404
0.429	1	0	1	2	43	3	0	6	7	14	1	0	28	2806
0.433	1	0	2	1	43	7	0	0	6	14	1	0	28	2404
0.433	1	0	1	2	43	7	0	6	7	15	1	0	28	2806
0.434	1	0	2	1	43	8	0	0	6	15	1	0	28	2404
0.434	1	0	1	2	43	8	0	6	7	14	1	0	28	2806
0.438	1	0	2	1	44	2	0	0	6	14	1	0	28	2404
0.438	1	0	1	2	44	2	0	6	7	15	1	0	28	2806
0.439	1	0	2	1	44	3	0	0	6	15	1	0	28	2404
0.439	1	0	1	2	44	3	0	6	7	14	1	0	28	2806
0.443	1	0	2	1	44	7	0	0	6	14	1	0	28	2404
0.443	1	0	1	2	44	7	0	6	7	15	1	0	28	2806
0.444	1	0	2	1	44	8	0	0	6	15	1	0	28	2404
0.444	1	0	1	2	44	8	0	6	7	14	1	0	28	2806
0.448	1	0	2	1	45	2	0	0	6	14	1	0	28	2404
0.448	1	0	1	2	45	2	0	6	7	15	1	0	28	2806
0.449	1	0	2	1	45	3	0	0	6	15	1	0	28	2404
0.449	1	0	1	2	45	3	0	6	7	14	1	0	28	2806
0.453	1	0	2	1	45	7	0	0	6	14	1	0	28	2404
0.453	1	0	1	2	45	7	0	6	7	15	1	0	28	2806
0.454	1	0	2	1	45	8	0	0	6	15	1	0	28	2404
0.454	1	0	1	2	45	8	0	6	7	14	1	0	28	2806
0.458	1	0	2	1	46	2	0	0	6	14	1	0	28	2404
0.458	1	0	1	2	46	2	0	6	7	15	1	0	28	2806
0.459	1	0	2	1	46	3	0	0	6	15	1	0	28	2404
0.459	1	0	1	2	46	3	0	6	7	14	1	0	28	2806
0.463	1	0	2	1	46	7	0	0	6	14	1	0	28	2404
0.463	1	0	1	2	46	7	0	6	7	15	1	0	28	2806
0.464	1	0	2	1	46	8	0	0	6	15	1	0	28	2404
0.464	1	0	1	2	46	8	0	6	7	14	1	0	28	2806
0.468	1	0	2	1	47	2	0	0	6	14	1	0	28	2404
0.468	1	0	1	2	47	2	0	6	7	15	1	0	28	2806
0.469	1	0	2	1	47	3	0	0	6	15	1	0	28	2404
0.469	1	0	1	2	47	3	0	6	7	14	1	0	28	2806
0.473	1	0	2	1	47	7	0	0	6	14	1	0	28	2404
0.473	1	0	1	2	47	7	0	6	7	15	1	0	28	2806
0.474	1	0	2	1	47	8	0	0	6	15	1	0	28	2404
0.474	1	0	1	2	47	8	0	6	7	14	1	0	28	2806
0.478	1	0	2	1	48	2	0	0	6	14	1	0	28	2404
0.478	1	0	1	2	48	2	0	6	7	15	1	0	28	2806
0.479	1	0	2	1	48	3	0	0	6	15	1	0	28	2404
0.479	1	0	1	2	48	3	0	6	7	14	1	0	28	2806
0.483	1	0	2	1	48	7	0	0	6	14	1	0	28	2404
0.483	1	0	1	2	48	7	0	6	7	15	1	0	28	2806
0.484	1	0	2	1	48	8	0	0	6	15	1	0	28	2404
0.484	1	0	1	2	48	8	0	6	7	14	1	0	28	2806
0.488	1	0	2	1	49	2	0	0	6	14	1	0	28	2404
0.488	1	0	1	2	49	2	0	6	7	15	1	0	28	2806
0.489	1	0	2	1	49	3	0	0	6	15	1	0	28	2404
0.489	1	0	1	2	49	3	0	6	7	14	1	0	28	2806
0.493	1	0	2	1	49	7	0	0	6	14	1	0	28	2404
0.493	1	0	1	2	49	7	0	6	7	15	1	0	28	2806
0.494	1	0	2	1	49	8	0	0	6	15	1	0	28	2404
0.494	1	0	1	2	49	8	0	6	7	14	1	0	28	2806
0.498	1	0	2	1	50	2	0	0	6	14	1	0	28	2404
0.498	1	0	1	2	50	2	0	6	7	15	1	0	28	2806
0.499	1	0	2	1	50	3	0	0	6	15	1	0	28	2404
0.499	1	0	1	2	50	3	0	6	7	14	1	0	28	2806
0.503	1	0	2	1	50	7	0	0	6	14	1	0	28	2404
0.503	1	0	1	2	50	7	0	6	7	15	1	0	28	2806
0.504	1	0	2	1	50	8	0	0	6	15	1	0	28	2404
0.504	1	0	1	2	50	8	0	6	7	14	1	0	28	2806
0.508	1	0	2	1	51	2	0	0	6	14	1	0	28	2404
0.508	1	0	1	2	51	2	0	6	7	15	1	0	28	2806
0.509	1	0	2	1	51	3	0	0	12	15	1	0	28	4809
0.513	1	0	1	2	51	7	0	0	12	15	1	0	28	4809
0.514	1	0	2	1	51	8	0	0	6	15	1	0	28	2404
0.514	1	0	1	2	51	8	0	6	7	14	1	0	28	2806
0.518	1	0	2	1	52	2	0	0	6	14	1	0	28	2404
0.518	1	0	1	2	52	2	0	6	7	15	1	0	28	2806
0.519	1	0	2	1	52	3	0	0	6	15	1	0	28	2404
0.519	1	0	1	2	52	3	0	6	7	14	1	0	28	2806
0.523	1	0	2	1	52	7	0	0	6	14	1	0	28	2404
0.523	1	0	1	2	52	7	0	6	7	15	1	0	28	2806
0.524	1	0	2	1	52	8	0	0	6	15	1	0	28	2404
0.524	1	0	1	2	52	8	0	6	7	14	1	0	28	2806
0.528	1	0	2	1	53	2	0	0	6	14	1	0	28	2404
0.528	1	0	1	2	53	2	0	6	7	15	1	0	28	2806
0.529	1	0	2	1	53	3	0	0	6	15	1	0	28	2404
0.529	1	0	1	2	53	3	0	6	7	14	1	0	28	2806
0.533	1	0	2	1	53	7	0	0	6	14	1	0	28	2404
0.533	1	0	1	2	53	7	0	6	7	15	1	0	28	2806
0.534	1	0	2	1	53	8	0	0	6	15	1	0	28	2404
0.534	1	0	1	2	53	8	0	6	7	14	1	0	28	2806
0.538	1	0	2	1	54	2	0	0	6	14	1	0	28	2404
0.538	1	0	1	2	54	2	0	6	7	15	1	0	28	2806
0.539	1	0	2	1	54	3	0	0	6	15	1	0	28	2404
0.539	1	0	1	2	54	3	0	6	7	14	1	0	28	2806
0.543	1	0	2	1	54	7	0	0	6	14	1	0	28	2404
0.543	1	0	1	2	54	7	0	6	7	15	1	0	28	2806
0.544	1	0	2	1	54	8	0	0	6	15	1	0	28	2404
0.544	1	0	1	2	54	8	0	6	7	14	1	0	28	2806
0.548	1	0	2	1	55	2	0	0	6	14	1	0	28	2404
0.548	1	0	1	2	55	2	0	6	7	15	1	0	28	2806
0.549	1	0	2	1	55	3	0	0	6	15	1	0	28	2404
0.549	1	0	1	2	55	3	0	6	7	14	1	0	28	2806
0.553	1	0	2	1	55	7	0	0	6	14	1	0	28	2404
0.553	1	0	1	2	55	7	0	6	7	15	1	0	28	2806
0.554	1	0	2	1	55	8	0	0	6	15	1	0	28	2404
0.554	1	0	1	2	55	8	0	6	7	14	1	0	28	2806
0.558	1	0	2	1	56	2	0	0	6	14	1	0	28	2404
0.558	1	0	1	2	56	2	0	6	7	15	1	0	28	2806
0.559	1	0	2	1	56	3	0	0	6	15	1	0	28	2404
0.559	1	0	1	2	56	3	0	6	7	14	1	0	28	2806
0.563	1	0	2	1	56	7	0	0	6	14	1	0	28	2404
0.563	1	0	1	2	56	7	0	6	7	15	1	0	28	2806
0.564	1	0	2	1	56	8	0	0	6	15	1	0	28	2404
0.564	1	0	1	2	56	8	0	6	7	14	1	0	28	2806
0.568	1	0	2	1	57	2	0	0	6	14	1	0	28	2404
0.568	1	0	1	2	57	2	0	6	7	15	1	0	28	2806
0.569	1	0	2	1	57	3	0	0	6	15	1	0	28	2404
0.569	1	0	1	2	57	3	0	6	7	14	1	0	28	2806
0.573	1	0	2	1	57	7	0	0	6	14	1	0	28	2404
0.573	1	0	1	2	57	7	0	6	7	15	1	0	28	2806
0.574	1	0	2	1	57	8	0	0	6	15	1	0	28	2404
0.574	1	0	1	2	57	8	0	6	7	14	1	0	28	2806
0.578	1	0	2	1	58	2	0	0	6	14	1	0	28	2404
0.578	1	0	1	2	58	2	0	6	7	15	1	0	28	2806
0.579	1	0	2	1	58	3	0	0	6	15	1	0	28	2404
0.579	1	0	1	2	58	3	0	6	7	14	1	0	28	2806
0.583	1	0	2	1	58	7	0	0	6	14	1	0	28	2404
0.583	1	0	1	2	58	7	0	6	7	15	1	0	28	2806
0.584	1	0	2	1	58	8	0	0	6	15	1	0	28	2404
0.584	1	0	1	2	58	8	0	6	7	14	1	0	28	2806
0.588	1	0	2	1	59	2	0	0	6	14	1	0	28	2404
0.588	1	0	1	2	59	2	0	6	7	15	1	0	28	2806
0.589	1	0	2	1	59	3	0	0	6	15	1	0	28	2404
0.589	1	0	1	2	59	3	0	6	7	14	1	0	28	2806
0.593	1	0	2	1	59	7	0	0	6	14	1	0	28	2404
0.593	1	0	1	2	59	7	0	6	7	15	1	0	28	2806
0.594	1	0	2	1	59	8	0	0	6	15	1	0	28	2404
0.594	1	0	1	2	59	8	0	6	7	14	1	0	28	2806
0.598	1	0	2	1	60	2	0	0	6	14	1	0	28	2404
0.598	1	0	1	2	60	2	0	6	7	15	1	0	28	2806
0.599	1	0	2	1	60	3	0	0	6	15	1	0	28	2404
0.599	1	0	1	2	60	3	0	6	7	14	1	0	28	2806
0.603	1	0	2	1	60	7	0	0	6	14	1	0	28	2404
0.603	1	0	1	2	60	7	0	6	7	15	1	0	28	2806
0.604	1	0	2	1	60	8	0	0	6	15	1	0	28	2404
0.604	1	0	1	2	60	8	0	6	7	14	1	0	28	2806
0.608	1	0	2	1	61	2	0	0	6	14	1	0	28	2404
0.608	1	0	1	2	61	2	0	6	7	15	1	0	28	2806
0.609	1	0	2	1	61	3	0	0	6	15	1	0	28	2404
0.609	1	0	1	2	61	3	0	6	7	14	1	0	28	2806
0.613	1	0	2	1	61	7	0	0	6	14	1	0	28	2404
0.613	1	0	1	2	61	7	0	6	7	15	1	0	28	2806
0.614	1	0	2	1	61	8	0	0	6	15	1	0	28	2404
0.614	1	0	1	2	61	8	0	6	7	14	1	0	28	2806
0.618	1	0	2	1	62	2	0	0	6	14	1	0	28	2404
0.618	1	0	1	2	62	2	0	6	7	15	1	0	28	2806
0.619	1	0	2	1	62	3	0	0	6	15	1	0	28	2404
0.619	1	0	1	2	62	3	0	6	7	14	1	0	28	2806
0.623	1	0	2	1	62	7	0	0	6	14	1	0	28	2404
0.623	1	0	1	2	62	7	0	6	7	15	1	0	28	2806
0.624	1	0	2	1	62	8	0	0	6	15	1	0	28	2404
0.624	1	0	1	2	62	8	0	6	7	14	1	0	28	2806
0.628	1	0	2	1	63	2	0	0	6	14	1	0	28	2404
0.628	1	0	1	2	63	2	0	6	7	15	1	0	28	2806
0.629	1	0	2	1	63	3	0	0	6	15	1	0	28	2404
0.629	1	0	1	2	63	3	0	6	7	14	1	0	28	2806
0.633	1	0	2	1	63	7	0	0	6	14	1	0	28	2404
0.633	1	0	1	2	63	7	0	6	7	15	1	0	28	2806
0.634	1	0	2	1	63	8	0	0	6	15	1	0	28	2404
0.634	1	0	1	2	63	8	0	6	7	14	1	0	28	2806
0.638	1	0	2	1	64	2	0	0	6	14	1	0	28	2404
0.638	1	0	1	2	64	2	0	6	7	15	1	0	28	2806
0.639	1	0	2	1	64	3	0	0	6	15	1	0	28	2404
0.639	1	0	1	2	64	3	0	6	7	14	1	0	28	2806
0.643	1	0	2	1	64	7	0	0	6	14	1	0	28	2404
0.643	1	0	1	2	64	7	0	6	7	15	1	0	28	2806
0.644	1	0	2	1	64	8	0	0	6	15	1	0	28	2404
0.644	1	0	1	2	64	8	0	6	7	14	1	0	28	2806
0.648	1	0	2	1	65	2	0	0	6	14	1	0	28	2404
0.648	1	0	1	2	65	2	0	6	7	15	1	0	28	2806
0.649	1	0	2	1	65	3	0	0	6	15	1	0	28	2404
0.649	1	0	1	2	65	3	0	6	7	14	1	0	28	2806
0.653	1	0	2	1	65	7	0	0	6	14	1	0	28	2404
0.653	1	0	1	2	65	7	0	6	7	15	1	0	28	2806
0.654	1	0	2	1	65	8	0	0	6	15	1	0	28	2404
0.654	1	0	1	2	65	8	0	6	7	14	1	0	28	2806
0.658	1	0	2	1	66	2	0	0	6	14	1	0	28	2404
0.658	1	0	1	2	66	2	0	6	7	15	1	0	28	2806
0.659	1	0	2	1	66	3	0	0	6	15	1	0	28	2404
0.659	1	0	1	2	66	3	0	6	7	14	1	0	28	2806
0.663	1	0	2	1	66	7	0	0	6	14	1	0	28	2404
0.663	1	0	1	2	66	7	0	6	7	15	1	0	28	2806
0.664	1	0	2	1	66	8	0	0	6	15	1	0	28	2404
0.664	1	0	1	2	66	8	0	6	7	14	1	0	28	2806
0.668	1	0	2	1	67	2	0	0	6	14	1	0	28	2404
0.668	1	0	1	2	67	2	0	6	7	15	1	0	28	2806
0.669	1	0	2	1	67	3	0	0	6	15	1	0	28	2404
0.669	1	0	1	2	67	3	0	6	7	14	1	0	28	2806
0.673	1	0	2	1	67	7	0	0	6	14	1	0	28	2404
0.673	1	0	1	2	67	7	0	6	7	15	1	0	28	2806
0.674	1	0	2	1	67	8	0	0	6	15	1	0	28	2404
0.674	1	0	1	2	67	8	0	6	7	14	1	0	28	2806
0.678	1	0	2	1	68	2	0	0	6	14	1	0	28	2404
0.678	1	0	1	2	68	2	0	6	7	15	1	0	28	2806
0.679	1	0	2	1	68	3	0	0	6	15	1	0	28	2404
0.679	1	0	1	2	68	3	0	6	7	14	1	0	28	2806
0.683	1	0	2	1	68	7	0	0	6	14	1	0	28	2404
0.683	1	0	1	2	68	7	0	6	7	15	1	0	28	2806
0.684	1	0	2	1	68	8	0	0	6	15	1	0	28	2404
0.684	1	0	1	2	68	8	0	6	7	14	1	0	28	2806
0.688	1	0	2	1	69	2	0	0	6	14	1	0	28	2404
0.688	1	0	1	2	69	2	0	6	7	15	1	0	28	2806
0.689	1	0	2	1	69	3	0	0	6	15	1	0	28	2404
0.689	1	0	1	2	69	3	0	6	7	14	1	0	28	2806
0.693	1	0	2	1	69	7	0	0	6	14	1	0	28	2404
0.693	1	0	1	2	69	7	0	6	7	15	1	0	28	2806
0.694	1	0	2	1	69	8	0	0	6	15	1	0	28	2404
0.694	1	0	1	2	69	8	0	6	7	14	1	0	28	2806
0.698	1	0	2	1	70	2	0	0	6	14	1	0	28	2404
0.698	1	0	1	2	70	2	0	6	7	15	1	0	28	2806
0.699	1	0	2	1	70	3	0	0	6	15	1	0	28	2404
0.699	1	0	1	2	70	3	0	6	7	14	1	0	28	2806
0.703	1	0	2	1	70	7	0	0	6	14	1	0	28	2404
0.703	1	0	1	2	70	7	0	6	7	15	1	0	28	2806
0.704	1	0	2	1	70	8	0	0	6	15	1	0	28	2404
0.704	1	0	1	2	70	8	0	6	7	14	1	0	28	2806
0.708	1	0	2	1	71	2	0	0	6	14	1	0	28	2404
0.708	1	0	1	2	71	2	0	6	7	15	1	0	28	2806
0.709	1	0	2	1	71	3	0	0	12	15	1	0	28	4809
0.713	1	0	1	2	71	7	0	0	12	15	1	0	28	4809
0.714	1	0	2	1	71	8	0	0	6	15	1	0	28	2404
0.714	1	0	1	2	71	8	0	6	7	14	1	0	28	2806
0.718	1	0	2	1	72	2	0	0	6	14	1	0	28	2404
0.718	1	0	1	2	72	2	0	6	7	15	1	0	28	2806
0.719	1	0	2	1	72	3	0	0	6	15	1	0	28	2404
0.719	1	0	1	2	72	3	0	6	7	14	1	0	28	2806
0.723	1	0	2	1	72	7	0	0	6	14	1	0	28	2404
0.723	1	0	1	2	72	7	0	6	7	15	1	0	28	2806
0.724	1	0	2	1	72	8	0	0	6	15	1	0	28	2404
0.724	1	0	1	2	72	8	0	6	7	14	1	0	28	2806
0.728	1	0	2	1	73	2	0	0	6	14	1	0	28	2404
0.728	1	0	1	2	73	2	0	6	7	15	1	0	28	2806
0.729	1	0	2	1	73	3	0	0	6	15	1	0	28	2404
0.729	1	0	1	2	73	3	0	6	7	14	1	0	28	2806
0.733	1	0	2	1	73	7	0	0	6	14	1	0	28	2404
0.733	1	0	1	2	73	7	0	6	7	15	1	0	28	2806
0.734	1	0	2	1	73	8	0	0	6	15	1	0	28	2404
0.734	1	0	1	2	73	8	0	6	7	14	1	0	28	2806
0.738	1	0	2	1	74	2	0	0	6	14	1	0	28	2404
0.738	1	0	1	2	74	2	0	6	7	15	1	0	28	2806
0.739	1	0	2	1	74	3	0	0	6	15	1	0	28	2404
0.739	1	0	1	2	74	3	0	6	7	14	1	0	28	2806
0.743	1	0	2	1	74	7	0	0	6	14	1	0	28	2404
0.743	1	0	1	2	74	7	0	6	7	15	1	0	28	2806
0.744	1	0	2	1	74	8	0	0	6	15	1	0	28	2404
0.744	1	0	1	2	74	8	0	6	7	14	1	0	28	2806
0.748	1	0	2	1	75	2	0	0	6	14	1	0	28	2404
0.748	1	0	1	2	75	2	0	6	7	15	1	0	28	2806
0.749	1	0	2	1	75	3	0	0	6	15	1	0	28	2404
0.749	1	0	1	2	75	3	0	6	7	14	1	0	28	2806
0.753	1	0	2	1	75	7	0	0	6	14	1	0	28	2404
0.753	1	0	1	2	75	7	0	6	7	15	1	0	28	2806
0.754	1	0	2	1	75	8	0	0	6	15	1	0	28	2404
0.754	1	0	1	2	75	8	0	6	7	14	1	0	28	2806
0.758	1	0	2	1	76	2	0	0	6	14	1	0	28	2404
0.758	1	0	1	2	76	2	0	6	7	15	1	0	28	2806
0.759	1	0	2	1	76	3	0	0	6	15	1	0	28	2404
0.759	1	0	1	2	76	3	0	6	7	14	1	0	28	2806
0.763	1	0	2	1	76	7	0	0	6	14	1	0	28	2404
0.763	1	0	1	2	76	7	0	6	7	15	1	0	28	2806
0.764	1	0	2	1	76	8	0	0	6	15	1	0	28	2404
0.764	1	0	1	2	76	8	0	6	7	14	1	0	28	2806
0.768	1	0	2	1	77	2	0	0	6	14	1	0	28	2404
0.768	1	0	1	2	77	2	0	6	7	15	1	0	28	2806
0.769	1	0	2	1	77	3	0	0	6	15	1	0	28	2404
0.769	1	0	1	2	77	3	0	6	7	14	1	0	28	2806
0.773	1	0	2	1	77	7	0	0	6	14	1	0	28	2404
0.773	1	0	1	2	77	7	0	6	7	15	1	0	28	2806
0.774	1	0	2	1	77	8	0	0	6	15	1	0	28	2404
0.774	1	0	1	2	77	8	0	6	7	14	1	0	28	2806
0.778	1	0	2	1	78	2	0	0	6	14	1	0	28	2404
0.778	1	0	1	2	78	2	0	6	7	15	1	0	28	2806
0.779	1	0	2	1	78	3	0	0	6	15	1	0	28	2404
0.779	1	0	1	2	78	3	0	6	7	14	1	0	28	2806
0.783	1	0	2	1	78	7	0	0	6	14	1	0	28	2404
0.783	1	0	1	2	78	7	0	6	7	15	1	0	28	2806
0.784	1	0	2	1	78	8	0	0	6	15	1	0	28	2404
0.784	1	0	1	2	78	8	0	6	7	14	1	0	28	2806
0.788	1	0	2	1	79	2	0	0	6	14	1	0	28	2404
0.788	1	0	1	2	79	2	0	6	7	15	1	0	28	2806
0.789	1	0	2	1	79	3	0	0	6	15	1	0	28	2404
0.789	1	0	1	2	79	3	0	6	7	14	1	0	28	2806
0.793	1	0	2	1	79	7	0	0	6	14	1	0	28	2404
0.793	1	0	1	2	79	7	0	6	7	15	1	0	28	2806
0.794	1	0	2	1	79	8	0	0	6	15	1	0	28	2404
0.794	1	0	1	2	79	8	0	6	7	14	1	0	28	2806
0.798	1	0	2	1	80	2	0	0	6	14	1	0	28	2404
0.798	1	0	1	2	80	2	0	6	7	15	1	0	28	2806
0.799	1	0	2	1	80	3	0	0	6	15	1	0	28	2404
0.799	1	0	1	2	80	3	0	6	7	14	1	0	28	2806
0.803	1	0	2	1	80	7	0	0	6	14	1	0	28	2404
0.803	1	0	1	2	80	7	0	6	7	15	1	0	28	2806
0.804	1	0	2	1	80	8	0	0	6	15	1	0	28	2404
0.804	1	0	1	2	80	8	0	6	7	14	1	0	28	2806
0.808	1	0	2	1	81	2	0	0	6	14	1	0	28	2404
0.808	1	0	1	2	81	2	0	6	7	15	1	0	28	2806
0.809	1	0	2	1	81	3	0	0	6	15	1	0	28	2404
0.809	1	0	1	2	81	3	0	6	7	14	1	0	28	2806
0.813	1	0	2	1	81	7	0	0	6	14	1	0	28	2404
0.813	1	0	1	2	81	7	0	6	7	15	1	0	28	2806
0.814	1	0	2	1	81	8	0	0	6	15	1	0	28	2404
0.814	1	0	1	2	81	8	0	6	7	14	1	0	28	2806
0.818	1	0	2	1	82	2	0	0	6	14	1	0	28	2404
0.818	1	0	1	2	82	2	0	6	7	15	1	0	28	2806
0.819	1	0	2	1	82	3	0	0	6	15	1	0	28	2404
0.819	1	0	1	2	82	3	0	6	7	14	1	0	28	2806
0.823	1	0	2	1	82	7	0	0	6	14	1	0	28	2404
0.823	1	0	1	2	82	7	0	6	7	15	1	0	28	2806
0.824	1	0	2	1	82	8	0	0	6	15	1	0	28	2404
0.824	1	0	1	2	82	8	0	6	7	14	1	0	28	2806
0.828	1	0	2	1	83	2	0	0	6	14	1	0	28	2404
0.828	1	0	1	2	83	2	0	6	7	15	1	0	28	2806
0.829	1	0	2	1	83	3	0	0	6	15	1	0	28	2404
0.829	1	0	1	2	83	3	0	6	7	14	1	0	28	2806
0.833	1	0	2	1	83	7	0	0	6	14	1	0	28	2404
0.833	1	0	1	2	83	7	0	6	7	15	1	0	28	2806
0.834	1	0	2	1	83	8	0	0	6	15	1	0	28	2404
0.834	1	0	1	2	83	8	0	6	7	14	1	0	28	2806
0.838	1	0	2	1	84	2	0	0	6	14	1	0	28	2404
0.838	1	0	1	2	84	2	0	6	7	15	1	0	28	2806
0.839	1	0	2	1	84	3	0	0	6	15	1	0	28	2404
0.839	1	0	1	2	84	3	0	6	7	14	1	0	28	2806
0.843	1	0	2	1	84	7	0	0	6	14	1	0	28	2404
0.843	1	0	1	2	84	7	0	6	7	15	1	0	28	2806
0.844	1	0	2	1	84	8	0	0	6	15	1	0	28	2404
0.844	1	0	1	2	84	8	0	6	7	14	1	0	28	2806
0.848	1	0	2	1	85	2	0	0	6	14	1	0	28	2404
0.848	1	0	1	2	85	2	0	6	7	15	1	0	28	2806
0.849	1	0	2	1	85	3	0	0	6	15	1	0	28	2404
0.849	1	0	1	2	85	3	0	6	7	14	1	0	28	2806
0.853	1	0	2	1	85	7	0	0	6	14	1	0	28	2404
0.853	1	0	1	2	85	7	0	6	7	15	1	0	28	2806
0.854	1	0	2	1	85	8	0	0	6	15	1	0	28	2404
0.854	1	0	1	2	85	8	0	6	7	14	1	0	28	2806
0.858	1	0	2	1	86	2	0	0	6	14	1	0	28	2404
0.858	1	0	1	2	86	2	0	6	7	15	1	0	28	2806
0.859	1	0	2	1	86	3	0	0	6	15	1	0	28	2404
0.859	1	0	1	2	86	3	0	6	7	14	1	0	28	2806
0.863	1	0	2	1	86	7	0	0	6	14	1	0	28	2404
0.863	1	0	1	2	86	7	0	6	7	15	1	0	28	2806
0.864	1	0	2	1	86	8	0	0	6	15	1	0	28	2404
0.864	1	0	1	2	86	8	0	6	7	14	1	0	28	2806
0.868	1	0	2	1	87	2	0	0	6	14	1	0	28	2404
0.868	1	0	1	2	87	2	0	6	7	15	1	0	28	2806
0.869	1	0	2	1	87	3	0	0	6	15	1	0	28	2404
0.869	1	0	1	2	87	3	0	6	7	14	1	0	28	2806
0.873	1	0	2	1	87	7	0	0	6	14	1	0	28	2404
0.873	1	0	1	2	87	7	0	6	7	15	1	0	28	2806
0.874	1	0	2	1	87	8	0	0	6	15	1	0	28	2404
0.874	1	0	1	2	87	8	0	6	7	14	1	0	28	2806
0.878	1	0	2	1	88	2	0	0	6	14	1	0	28	2404
0.878	1	0	1	2	88	2	0	6	7	15	1	0	28	2806
0.879	1	0	2	1	88	3	0	0	6	15	1	0	28	2404
0.879	1	0	1	2	88	3	0	6	7	14	1	0	28	2806
0.883	1	0	2	1	88	7	0	0	6	14	1	0	28	2404
0.883	1	0	1	2	88	7	0	6	7	15	1	0	28	2806
0.884	1	0	2	1	88	8	0	0	6	15	1	0	28	2404
0.884	1	0	1	2	88	8	0	6	7	14	1	0	28	2806
0.888	1	0	2	1	89	2	0	0	6	14	1	0	28	2404
0.888	1	0	1	2	89	2	0	6	7	15	1	0	28	2806
0.889	1	0	2	1	89	3	0	0	6	15	1	0	28	2404
0.889	1	0	1	2	89	3	0	6	7	14	1	0	28	2806
0.893	1	0	2	1	89	7	0	0	6	14	1	0	28	2404
0.893	1	0	1	2	89	7	0	6	7	15	1	0	28	2806
0.894	1	0	2	1	89	8	0	0	6	15	1	0	28	2404
0.894	1	0	1	2	89	8	0	6	7	14	1	0	28	2806
0.898	1	0	2	1	90	2	0	0	6	14	1	0	28	2404
0.898	1	0	1	2	90	2	0	6	7	15	1	0	28	2806
0.899	1	0	2	1	90	3	0	0	6	15	1	0	28	2404
0.899	1	0	1	2	90	3	0	6	7	14	1	0	28	2806
0.903	1	0	2	1	90	7	0	0	6	14	1	0	28	2404
0.903	1	0	1	2	90	7	0	6	7	15	1	0	28	2806
0.904	1	0	2	1	90	8	0	0	6	15	1	0	28	2404
0.904	1	0	1	2	90	8	0	6	7	14	1	0	28	2806
0.908	1	0	2	1	91	2	0	0	6	14	1	0	28	2404
0.908	1	0	1	2	91	2	0	6	7	15	1	0	28	2806
0.909	1	0	2	1	91	3	0	0	12	15	1	0	28	4809
0.913	1	0	1	2	91	7	0	0	12	15	1	0	28	4809
0.914	1	0	2	1	91	8	0	0	6	15	1	0	28	2404
0.914	1	0	1	2	91	8	0	6	7	14	1	0	28	2806
0.918	1	0	2	1	92	2	0	0	6	14	1	0	28	2404
0.918	1	0	1	2	92	2	0	6	7	15	1	0	28	2806
0.919	1	0	2	1	92	3	0	0	6	15	1	0	28	2404
0.919	1	0	1	2	92	3	0	6	7	14	1	0	28	2806
0.923	1	0	2	1	92	7	0	0	6	14	1	0	28	2404
0.923	1	0	1	2	92	7	0	6	7	15	1	0	28	2806
0.924	1	0	2	1	92	8	0	0	6	15	1	0	28	2404
0.924	1	0	1	2	92	8	0	6	7	14	1	0	28	2806
0.928	1	0	2	1	93	2	0	0	6	14	1	0	28	2404
0.928	1	0	1	2	93	2	0	6	7	15	1	0	28	2806
0.929	1	0	2	1	93	3	0	0	6	15	1	0	28	2404
0.929	1	0	1	2	93	3	0	6	7	14	1	0	28	2806
0.933	1	0	2	1	93	7	0	0	6	14	1	0	28	2404
0.933	1	0	1	2	93	7	0	6	7	15	1	0	28	2806
0.934	1	0	2	1	93	8	0	0	6	15	1	0	28	2404
0.934	1	0	1	2	93	8	0	6	7	14	1	0	28	2806
0.938	1	0	2	1	94	2	0	0	6	14	1	0	28	2404
0.938	1	0	1	2	94	2	0	6	7	15	1	0	28	2806
0.939	1	0	2	1	94	3	0	0	6	15	1	0	28	2404
0.939	1	0	1	2	94	3	0	6	7	14	1	0	28	2806
0.943	1	0	2	1	94	7	0	0	6	14	1	0	28	2404
0.943	1	0	1	2	94	7	0	6	7	15	1	0	28	2806
0.944	1	0	2	1	94	8	0	0	6	15	1	0	28	2404
0.944	1	0	1	2	94	8	0	6	7	14	1	0	28	2806
0.948	1	0	2	1	95	2	0	0	6	14	1	0	28	2404
0.948	1	0	1	2	95	2	0	6	7	15	1	0	28	2806
0.949	1	0	2	1	95	3	0	0	6	15	1	0	28	2404
0.949	1	0	1	2	95	3	0	6	7	14	1	0	28	2806
0.953	1	0	2	1	95	7	0	0	6	14	1	0	28	2404
0.953	1	0	1	2	95	7	0	6	7	15	1	0	28	2806
0.954	1	0	2	1	95	8	0	0	6	15	1	0	28	2404
0.954	1	0	1	2	95	8	0	6	7	14	1	0	28	2806
0.958	1	0	2	1	96	2	0	0	6	14	1	0	28	2404
0.958	1	0	1	2	96	2	0	6	7	15	1	0	28	2806
0.959	1	0	2	1	96	3	0	0	6	15	1	0	28	2404
0.959	1	0	1	2	96	3	0	6	7	14	1	0	28	2806
0.963	1	0	2	1	96	7	0	0	6	14	1	0	28	2404
0.963	1	0	1	2	96	7	0	6	7	15	1	0	28	2806
0.964	1	0	2	1	96	8	0	0	6	15	1	0	28	2404
0.964	1	0	1	2	96	8	0	6	7	14	1	0	28	2806
0.968	1	0	2	1	97	2	0	0	6	14	1	0	28	2404
0.968	1	0	1	2	97	2	0	6	7	15	1	0	28	2806
0.969	1	0	2	1	97	3	0	0	6	15	1	0	28	2404
0.969	1	0	1	2	97	3	0	6	7	14	1	0	28	2806
0.973	1	0	2	1	97	7	0	0	6	14	1	0	28	2404
0.973	1	0	1	2	97	7	0	6	7	15	1	0	28	2806
0.974	1	0	2	1	97	8	0	0	6	15	1	0	28	2404
0.974	1	0	1	2	97	8	0	6	7	14	1	0	28	2806
0.978	1	0	2	1	98	2	0	0	6	14	1	0	28	2404
0.978	1	0	1	2	98	2	0	6	7	15	1	0	28	2806
0.979	1	0	2	1	98	3	0	0	6	15	1	0	28	2404
0.979	1	0	1	2	98	3	0	6	7	14	1	0	28	2806
0.983	1	0	2	1	98	7	0	0	6	14	1	0	28	2404
0.983	1	0	1	2	98	7	0	6	7	15	1	0	28	2806
0.984	1	0	2	1	98	8	0	0	6	15	1	0	28	2404
0.984	1	0	1	2	98	8	0	6	7	14	1	0	28	2806
0.988	1	0	2	1	99	2	0	0	6	14	1	0	28	2404
0.988	1	0	1	2	99	2	0	6	7	15	1	0	28	2806
0.989	1	0	2	1	99	3	0	0	6	15	1	0	28	2404
0.989	1	0	1	2	99	3	0	6	7	14	1	0	28	2806
0.993	1	0	2	1	99	7	0	0	6	14	1	0	28	2404
0.993	1	0	1	2	99	7	0	6	7	15	1	0	28	2806
0.994	1	0	2	1	99	8	0	0	6	15	1	0	28	2404
0.994	1	0	1	2	99	8	0	6	7	14	1	0	28	2806
0.998	1	0	2	1	100	2	0	0	6	14	1	0	28	2404
0.998	1	0	1	2	100	2	0	6	7	15	1	0	28	2806
0.999	1	0	2	1	100	3	0	0	6	15	1	0	28	2404
0.999	1	0	1	2	100	3	0	6	7	14	1	0	28	2806
