12	22.781261
32	37.620024
52	15.910632
72	11.133807
92	14.604763
112	17.606126
132	22.953827
152	31.981269
171	13.892865
191	15.309004
212	26.073911
232	19.030957
11	14.282262
31	27.657941
51	24.238476
71	39.803399
91	21.312129
111	23.225282
131	9.814997
151	23.784958
211	29.480300
231	7.600712
16	15.235422
36	15.914053
56	6.698673
75	24.902599
96	10.001490
116	13.191565
136	21.429992
156	4.389140
174	23.183873
194	34.440733
215	22.621224
236	9.964769
15	-0.240376
35	6.629300
55	20.824718
74	12.684393
95	7.273871
115	19.317564
135	25.674066
155	23.488346
173	21.846093
193	-0.587351
214	11.814440
235	26.944227
14	20.586098
34	26.937138
54	12.399236
73	18.308871
94	15.328828
114	28.168798
134	13.313035
154	11.512575
172	11.891352
192	19.025174
213	31.615643
234	17.276887
13	35.927837
33	9.019647
53	16.739102
93	27.174148
113	18.809584
133	23.707377
153	14.804316
233	33.902486
110	29.349997
310	6.768512
510	11.971889
710	25.614697
910	17.020465
1110	27.580857
1310	16.126316
1510	38.104565
1710	9.364169
1910	19.318837
2110	43.184587
2310	25.456992
19	26.602448
39	23.079506
59	0.436491
79	36.836321
99	19.105462
119	16.852489
139	17.290550
159	38.225407
179	15.020603
199	3.356361
219	12.817275
239	27.419835
18	34.493023
38	14.877284
58	-27.896078
78	35.498047
98	27.383723
118	24.249759
138	28.825253
158	26.261632
178	-1.756996
198	19.486791
218	14.393324
238	25.099917
17	19.291400
37	3.164753
57	20.358783
77	11.309811
97	13.502617
117	-11.977267
137	6.106792
157	6.183611
177	22.761990
197	7.147509
217	21.206040
237	7.734359
76	35.162505
176	51.763033
196	23.704954
216	35.366510
175	31.349228
195	56.218610
12	22.781447
32	39.897635
52	9.223082
72	11.126208
92	14.574844
112	16.787176
132	22.942958
152	31.433359
173	12.494545
192	9.703980
212	25.451894
232	19.063001
11	14.282140
31	27.655126
51	24.227033
71	38.448658
91	19.315837
111	22.855947
131	9.814979
151	16.145284
172	19.609644
211	29.479791
231	7.594605
15	0.032382
36	5.244076
56	14.771214
78	34.763132
95	11.299010
116	13.117230
136	22.577083
156	5.242598
177	19.727294
195	25.775619
219	8.583089
236	10.855359
14	11.840084
35	6.683135
55	28.335659
77	18.594454
94	20.663551
115	20.690263
135	18.636421
155	23.662944
176	22.679923
194	29.102800
218	18.835230
235	31.731303
13	33.864109
34	26.896577
54	15.920436
76	30.715457
93	20.769014
114	28.685523
134	8.838685
154	11.670778
175	23.732218
193	10.516372
217	20.776203
234	11.918166
33	5.876111
53	8.047303
113	23.008994
133	23.649700
153	14.675439
174	24.590231
216	24.552352
233	30.340666
110	29.349997
310	6.768512
510	11.971889
710	25.614697
910	17.020465
1110	27.580857
1310	16.126316
1510	38.104565
1710	9.364169
1910	19.318837
2110	43.184587
2310	25.456992
19	26.601962
39	23.038174
59	0.436319
79	37.188461
99	19.306405
119	17.995555
139	17.280450
159	40.316599
179	15.021899
199	13.833607
215	22.936849
239	27.033192
18	34.483902
38	14.874548
58	-31.851901
75	26.238224
98	18.894998
118	24.060000
138	28.626664
158	25.371688
178	-1.756708
198	19.016392
214	30.324569
238	25.095907
17	19.256355
37	3.163262
57	21.106747
74	14.394270
97	13.500578
117	-12.188346
137	6.106558
157	6.222088
171	17.489430
197	5.451581
213	24.009853
237	7.734468
16	56.125534
73	30.099368
96	11.730527
196	20.191450
191	53.498811
12	22.781261
32	37.620024
132	22.953827
152	31.981269
212	26.073911
52	15.783995
92	14.966707
112	17.525803
191	15.312676
232	17.873017
72	9.901831
171	15.806806
31	27.068555
151	20.747170
211	28.762649
51	25.539499
111	25.247911
11	44.800195
131	10.159968
91	24.735163
71	51.793799
231	46.723110
36	15.966937
75	25.769766
136	21.166018
156	4.394174
174	34.386419
194	43.370115
215	22.658813
236	12.023933
16	26.145348
96	10.233212
35	19.780796
135	29.219969
155	23.405322
173	21.823954
235	26.655248
15	-0.234776
193	-0.327128
74	13.585593
214	16.116648
134	13.334228
94	18.336917
14	20.163776
34	27.189016
154	11.852536
234	15.015354
192	17.059316
172	9.662850
73	22.541184
133	26.721680
213	32.692872
58	-29.575092
117	13.197554
13	37.598418
33	8.833578
93	34.708398
153	14.795585
233	37.118688
510	11.971889
910	17.020465
1110	27.580857
1710	9.364169
1910	19.318837
110	29.321598
310	11.633155
710	24.731529
1310	16.125398
1510	37.884358
2110	42.592727
2310	28.186187
59	5.829731
119	19.394529
199	9.817849
99	19.700224
179	24.835922
57	17.971809
118	17.576440
19	26.253360
39	22.572608
79	36.317262
139	17.550129
159	38.586702
219	10.224120
239	33.239379
198	19.046189
56	8.416252
116	22.667558
178	-8.314836
98	23.018930
55	34.231607
78	28.981340
115	21.815972
197	26.153984
18	36.754138
38	24.691960
138	29.222729
158	26.887466
177	22.758803
218	19.473044
238	25.538596
54	6.941144
77	11.786327
97	14.503348
114	26.175035
196	6.903081
137	6.096935
17	20.887252
37	3.149110
157	6.057370
176	20.751717
217	20.352409
237	16.270124
53	12.599962
76	31.217233
95	25.639160
113	13.782988
195	28.704700
134	9.152967
510	11.743371
78	35.889990
1110	9.418971
1310	32.010124
1910	3.343740
310	4.073214
910	11.940825
219	16.226661
139	7.123866
59	3.158375
157	18.114408
1710	8.625190
237	18.204905
119	13.109964
199	4.488701
38	11.417679
218	10.473421
57	17.151166
77	17.216594
97	12.574178
118	5.655631
179	14.458381
198	17.243064
37	8.634779
56	7.807871
76	27.075667
96	5.179648
216	10.798572
236	16.929547
36	4.557528
55	26.702977
72	7.003601
156	12.876104
178	-5.449423
214	12.420109
234	8.205812
137	21.552442
116	16.048817
197	22.237475
35	12.147093
54	5.437086
115	22.594364
196	20.475244
15	-2.749132
154	14.930163
175	29.103028
231	9.644453
53	16.503894
134	12.872987
114	11.571982
195	30.251339
95	20.452197
33	11.209287
113	18.698363
131	9.358226
153	14.916859
172	14.523298
193	8.184751
137	22.824147
237	38.672122
310	3.094850
157	5.493391
199	18.514824
38	13.259949
197	18.366084
156	14.509009
37	43.547796
193	33.203682
15	-0.668014
58	-19.743008
117	25.603988
178	0.086345
35	11.336994
119	39.689669
510	14.024979
199	14.019738
197	17.629225
59	8.973125
37	38.439817
58	-23.611544
35	9.447365
56	15.912239
15	16.959171
72	7.466196
178	-2.231919
117	19.284704
54	7.020274
15	20.743466
58	-26.310875
117	16.692591
135	28.807743
174	63.474776
173	38.472965
172	24.715059
192	19.360251
234	18.677079
57	4.109640
54	23.931115
53	54.298139
118	25.397285
113	40.451985
134	30.225878
178	7.774781
196	38.170734
219	31.538172
218	29.670501
216	19.202702
310	16.867741
38	17.330501
36	47.040936
57	27.922889
54	-3.180072
72	15.316231
910	15.569087
96	19.233735
1110	36.134245
119	1.829786
118	41.440972
114	56.894863
139	14.679054
178	-22.619203
172	43.519952
1910	14.450133
198	-3.455677
234	14.948015
117	24.568077
310	11.140367
58	-14.112644
178	28.299450
178	28.849713
58	1.560831
54	57.456827
58	5.631380
59	50.084852
58	2.165679
54	8.414813
178	30.821032
216	53.945293
58	5.948224
58	2.228210
58	1.864919
58	2.228210
58	7.515023
