33.754036
24.010139
44.465523
47.475600
10.936962
26.839541
47.324656
35.083608
59.222569
42.586639
35.594871
45.657926
40.396224
36.953750
41.045441
25.777533
38.642548
39.711225
58.282485
37.976714
42.259104
24.278389
-10.528218
43.181922
39.629416
41.035548
39.205420
31.528281
56.190005
40.731056
39.085220
37.591550
31.448119
39.426351
43.485480
40.644626
18.826545
38.487664
48.528506
42.510289
37.175675
32.494221
40.022157
35.103186
24.281266
24.248823
35.379159
38.302326
52.984791
34.392212
40.803446
30.323352
41.418347
11.268638
41.658595
29.775675
29.950203
37.443708
51.176796
32.544812
39.115329
37.426607
48.685124
40.908506
33.525533
20.550416
39.745236
29.271022
51.795362
30.238253
46.968729
63.697137
37.521163
32.465873
35.653365
40.928570
40.359814
44.530725
63.031127
48.094527
32.631918
42.962569
16.106409
55.292401
56.038996
42.393959
52.047930
43.821631
32.434296
53.752264
46.023864
44.851497
42.894123
55.830651
54.200949
40.237128
48.425014
35.940864
52.609240
55.931032
51.105511
42.809854
48.052545
45.529560
52.081452
47.475294
59.653509
38.230778
55.274932
44.144480
48.568185
51.971699
40.866571
37.544300
34.432039
53.541838
25.837771
36.811177
59.554361
35.776618
61.388452
39.591412
56.799546
52.577426
57.386635
30.478450
51.930752
56.745241
40.925921
56.384023
23.787952
37.529788
42.072693
41.473186
39.452885
36.961916
25.046556
33.046667
39.856605
56.343007
33.843783
30.270118
-17.781409
41.218861
32.062301
61.663218
33.627320
32.106431
39.019334
56.704882
34.730549
51.197230
47.779907
34.864932
35.492723
26.159019
24.949456
33.391494
26.453841
67.973792
53.322112
41.907161
38.279056
53.112299
47.579640
52.703444
52.942707
55.748276
36.694857
51.391025
56.129482
51.109514
44.016261
32.995114
57.244437
51.166698
53.518249
55.310379
35.213477
52.309910
43.373243
48.513722
36.623457
46.757759
45.315142
52.597639
49.643959
38.181836
30.745224
50.302500
36.138830
56.030906
34.128252
39.020367
36.723425
42.945393
36.251738
43.241995
59.714336
51.449904
25.072927
19.312436
33.456835
42.592131
35.337015
63.163854
43.625600
42.196347
41.045485
60.631058
30.736438
44.945101
38.855906
55.779079
53.130784
36.706248
39.938466
32.624979
41.956395
53.710347
61.134000
39.431077
56.772912
52.309014
57.413028
30.009472
51.780774
56.465535
41.156968
56.344005
47.782961
50.413976
49.747254
52.230469
57.135846
37.700206
53.728512
50.983917
41.938150
31.842708
55.893072
49.233280
0.623958
34.887274
53.574281
37.875861
54.145293
31.602118
42.954114
42.063058
48.539481
36.965962
49.536675
42.531595
43.476003
57.547929
35.258157
27.300738
28.398238
27.042213
49.485280
51.542236
37.902500
53.587664
51.659950
56.575062
48.308133
57.123578
34.640999
48.078022
57.236373
47.103427
33.359038
32.985318
58.228679
50.247844
49.295964
50.417279
35.369267
51.228271
41.127595
49.478020
31.632508
38.418200
45.956144
51.362236
51.814867
40.501804
36.825386
49.826111
32.598596
42.674545
54.027046
49.512467
52.911747
38.129642
54.813059
59.004204
45.061891
34.602640
43.356759
53.578315
25.040724
39.830389
48.109882
42.674001
63.953338
56.034526
35.902613
43.380780
45.974340
36.364609
34.326843
42.720132
42.110366
30.989035
66.947516
44.377755
40.971384
36.897082
39.500348
20.270688
37.931308
47.616701
29.121040
64.780182
41.043888
39.886345
40.409361
59.124537
32.817914
45.795075
38.456132
55.542065
53.695692
38.087235
37.009035
31.153393
40.813073
53.172905
47.723649
34.444160
47.550462
52.448463
38.637586
30.784476
51.009613
45.814407
53.910233
46.130972
33.014423
44.121242
38.464858
24.521170
40.161788
55.822889
36.520296
33.864596
34.851314
37.448389
29.564557
22.844709
-14.310375
38.983434
27.310398
63.551551
28.727239
27.380430
32.174407
54.798484
45.259926
33.814890
33.412835
55.040556
41.879089
46.203454
50.902058
35.677378
26.911470
37.639333
49.174791
51.554730
38.025488
53.465484
51.640768
56.593178
48.079775
57.050378
34.514779
47.997173
56.004517
51.295216
44.507096
32.968992
57.149644
51.163282
53.651455
55.489476
35.035771
52.303894
44.123636
47.093184
41.414378
50.356918
44.134998
52.874577
47.034080
36.359590
17.194661
50.019440
20.212962
26.942508
43.756347
32.800825
28.550918
59.670138
34.403061
33.043255
44.901800
34.744447
43.368787
53.579437
24.968614
39.826561
48.050360
42.642855
63.952467
56.035161
35.880196
43.320625
52.863627
46.866986
33.011286
43.790008
37.941895
39.738708
62.113162
49.115738
52.440880
42.951879
48.338676
45.837043
47.585002
37.712689
53.828247
45.802914
60.073104
38.302171
54.872804
44.267966
54.726779
35.058211
34.158458
32.633302
33.874845
57.185631
33.914460
42.044832
55.328405
33.340375
60.203288
46.128928
56.201585
55.343844
55.566707
31.599982
54.341770
55.996016
50.429817
55.366716
48.231708
48.581530
48.269081
53.720551
57.063130
38.667414
53.770676
51.757934
43.169490
26.015994
55.842229
49.487947
0.374764
34.791288
53.549146
38.882775
54.206583
26.924838
42.561648
42.416293
38.671272
27.763760
40.533859
39.267010
41.413809
29.533208
37.432380
54.038561
33.821378
48.775963
53.711862
40.742269
39.425176
53.026703
47.090802
52.111440
53.102406
55.495238
36.740092
51.256868
51.713237
52.653108
46.099826
30.352166
53.124152
49.733587
55.028993
57.396426
24.808943
51.005330
39.329296
49.055404
44.414356
38.800278
44.944082
46.853721
53.064726
39.519296
38.865361
46.875364
38.239099
50.099668
55.458845
47.342744
51.526379
39.510397
56.265535
59.323050
47.293747
31.672091
29.434795
22.973558
15.012076
29.183277
37.696481
60.341912
36.837062
28.783734
49.727101
34.615946
51.687511
48.345694
38.346823
47.015360
46.786166
34.440187
51.176224
46.064232
54.993402
53.838819
40.344651
35.291255
39.318754
32.259779
34.828062
46.342707
36.455373
58.575658
28.129892
43.860278
39.428629
37.262430
40.878168
49.913032
35.168715
38.160270
52.759721
27.583886
32.035345
40.482862
61.816838
40.901985
56.407277
53.641146
56.631779
31.976925
52.472622
57.324557
40.687145
55.988765
48.573300
47.882540
42.486876
57.701465
54.946948
37.483922
52.168278
53.466790
43.290057
36.049498
36.931964
32.243208
-12.697149
30.735965
32.662298
38.275094
32.242013
51.586998
37.119095
40.691368
51.931556
49.799656
29.257567
54.304997
51.221240
56.144189
50.971215
57.526308
35.994986
49.916554
49.837095
52.677045
45.400197
29.229009
51.407805
48.939982
54.957772
57.484569
25.421073
50.231473
41.381512
32.097450
55.390946
46.154685
33.455772
22.719532
33.674795
58.818193
23.677534
28.377205
30.557650
43.479712
55.595202
49.645340
52.381489
36.907202
55.924700
59.594106
48.257535
35.633999
38.560586
36.729204
53.004389
33.635513
22.831359
44.392874
20.706134
55.480451
37.809739
31.317430
61.824343
40.708357
56.434307
53.548000
56.692997
31.915405
52.405567
57.319001
40.524842
56.023923
48.784193
46.359472
43.349720
56.651612
56.118483
39.056340
53.136573
53.176236
44.260506
31.407696
55.892957
49.063791
0.464869
35.087306
53.560891
37.690194
54.093123
33.614919
43.155928
41.938702
58.730473
35.596002
41.273327
33.938923
44.412706
44.710267
31.230894
36.309054
28.549501
44.902960
53.833373
41.442837
39.045082
53.118311
47.268971
52.184218
52.967654
55.555662
36.971595
50.909201
57.252240
46.797182
35.642442
32.918153
58.210746
50.168402
49.046340
50.099165
35.221210
51.160102
60.800915
27.611384
46.027149
41.185474
26.207233
35.968611
9.301722
37.636137
37.134407
32.846200
67.367734
50.911841
31.855556
4.105524
18.694717
12.982725
27.159328
22.612356
41.559550
20.591054
46.017644
49.952178
22.113302
44.085027
37.420661
41.670984
60.819022
53.053047
35.472456
37.882113
53.061291
47.404094
32.004466
42.337098
34.570176
39.444649
60.383735
49.012167
53.009895
44.939320
63.451768
10.778209
38.372516
50.372863
28.838274
43.469922
41.607644
35.985857
39.248047
36.973973
55.030761
32.351546
40.046828
29.767811
29.563054
56.872725
32.296449
39.509155
52.935460
29.642531
31.475857
60.576539
44.933171
37.482633
15.980661
18.259532
37.075488
29.824675
32.528355
29.892858
28.540456
62.310365
55.776973
45.674809
45.720015
38.011985
34.682805
37.908255
41.164543
23.128688
54.847712
50.084852
1.796738
35.283183
52.679361
36.235418
53.689848
34.648088
35.821394
42.102342
26.274768
69.446364
45.555678
18.775023
23.624757
21.306707
13.987381
12.867083
15.191727
49.382097
43.005054
52.425824
40.981307
50.975916
50.809821
55.744319
41.118172
54.993294
38.128888
44.022333
50.776660
52.771370
46.049095
29.787061
52.337426
49.314126
54.899563
57.398436
24.109706
50.569681
40.713138
49.603652
36.308138
33.229125
45.922851
50.660582
52.345084
40.849404
37.862676
49.390650
50.266318
67.486882
44.173444
37.005801
30.900649
28.190251
39.462400
37.159851
59.534005
40.194018
42.880701
53.598706
25.437519
38.074148
48.950075
41.976839
63.936512
56.013537
35.739523
44.507939
52.544425
48.567508
35.603926
40.956838
41.831330
35.627007
54.531249
47.396849
54.867777
52.117441
25.822370
52.335594
50.694708
42.973799
53.397064
35.638684
52.886044
42.920301
44.674010
33.662031
34.143925
55.115032
34.474498
33.398873
35.292516
34.100399
34.318994
36.753815
56.450939
34.145346
61.264439
42.976108
56.973327
53.858957
57.217353
30.861038
53.123264
56.745533
43.745957
56.396755
33.503589
61.278734
56.411064
42.769513
51.944426
35.563338
46.805708
20.766847
39.148998
41.271506
54.234140
49.987295
2.228210
36.574195
52.107024
33.790103
53.229372
36.738696
34.960431
41.466077
22.741417
47.742186
63.584404
31.262117
27.182839
48.130074
20.924159
26.795855
17.122687
50.112365
34.473604
34.586583
58.351983
43.355006
30.856968
42.058144
34.251472
26.682424
34.105450
39.265800
33.385395
39.674080
59.591168
21.863303
31.145668
37.410354
42.161591
43.379801
34.044264
37.617259
41.200644
24.759755
64.508050
44.516980
31.298015
29.933234
32.925768
49.047862
34.155839
20.086336
37.041367
50.118192
61.367827
31.968385
36.431301
40.785028
42.395184
45.114400
35.023319
26.725435
44.537175
42.215903
30.789774
34.813975
43.171384
43.180928
53.839783
46.415851
28.303464
40.682995
27.708619
29.444718
52.337583
45.847960
31.380233
37.772727
47.988499
29.583534
38.977684
42.658996
44.698803
43.373472
59.245250
65.307111
42.545106
45.813772
42.718284
36.877406
35.194195
37.735394
37.741774
35.800820
58.104473
35.298100
34.283910
34.117694
34.871808
50.235758
41.665209
34.995343
59.723673
45.855842
55.459280
55.549111
54.428069
32.017327
54.314972
55.659358
50.933545
54.591647
46.723679
49.330859
44.489292
58.558762
50.657285
22.803648
48.444420
52.714806
35.942363
39.166045
36.162030
13.897741
-11.417429
53.815098
33.495349
47.592673
33.010608
27.350881
32.489011
45.092826
43.270513
34.109081
34.676569
55.819085
40.228651
45.969415
50.134265
37.333102
32.573957
47.163244
52.471190
49.123798
23.871978
54.365420
50.927868
55.830763
51.487254
57.476406
36.553736
50.209559
57.095662
44.413965
44.357433
32.397651
58.040633
49.281360
46.397303
47.049950
33.834708
50.183634
43.768515
27.518295
43.461007
56.240327
26.752438
46.803080
35.909814
42.663558
36.631785
40.468243
10.188620
52.807877
51.726232
52.484324
50.412361
38.751707
51.217135
56.697526
43.102724
38.163967
33.658851
27.682958
18.092019
59.397787
52.495275
40.559166
41.452681
33.516896
19.265982
49.881557
40.647637
29.303271
46.639413
58.833042
55.763468
40.425579
51.327115
35.488502
41.061114
53.078018
46.882669
28.466242
56.732503
67.257929
21.974062
45.004100
28.831584
20.631787
33.033043
35.378631
32.119545
45.587892
38.944918
55.773987
53.551173
37.794028
38.339810
31.732409
41.429015
53.589481
43.626661
35.333738
36.866568
36.197180
60.973353
39.166924
32.110894
36.197380
29.884030
42.203037
28.239237
46.744067
20.980653
54.503626
56.266745
41.891740
56.320064
48.192364
34.440202
53.588317
39.202365
34.629292
45.445967
58.401700
56.115279
40.899631
53.382781
32.463196
44.706038
54.114935
39.928483
50.812377
48.779459
33.959624
55.315510
37.757146
58.573150
41.447706
51.967130
39.979295
26.131001
33.515823
21.153726
36.822398
36.380370
61.936443
44.649791
36.523888
48.333675
34.164708
36.372599
27.820911
40.312543
40.771735
36.829532
56.293852
41.065828
33.248087
28.201809
36.400223
33.754036
24.010139
44.465523
47.475600
10.936962
26.839541
47.324656
35.083608
59.222569
42.586639
35.594871
45.657926
40.396224
36.953750
41.045441
25.777533
38.642548
39.711225
58.282485
37.976714
42.259104
24.278389
-10.528218
43.181922
39.629416
41.035548
39.205420
31.528281
56.190005
40.731056
39.085220
37.591550
31.448119
39.426351
43.485480
40.644626
18.826545
38.487664
48.528506
42.510289
37.175675
32.494221
40.022157
35.103186
24.281266
24.248823
35.379159
38.302326
52.984791
34.392212
40.803446
30.323352
41.418347
11.268638
41.658595
29.775675
29.950203
37.443708
51.176796
32.544812
39.115329
37.426607
48.685124
40.908506
33.525533
20.550416
39.745236
29.271022
51.795362
30.238253
46.968729
63.697137
37.521163
32.465873
35.653365
40.928570
40.359814
44.530725
63.031127
48.094527
43.368787
53.579437
24.968614
39.826561
48.050360
42.642855
63.952467
56.035161
35.880196
43.320625
51.687511
48.345694
38.346823
47.015360
46.786166
34.440187
51.176224
46.064232
54.993402
53.838819
51.105511
42.809854
48.052545
45.529560
52.081452
47.475294
59.653509
38.230778
55.274932
44.144480
48.568185
51.971699
40.866571
37.544300
34.432039
53.541838
25.837771
36.811177
59.554361
35.776618
61.388452
39.591412
56.799546
52.577426
57.386635
30.478450
51.930752
56.745241
40.925921
56.384023
23.787952
37.529788
42.072693
41.473186
39.452885
36.961916
25.046556
33.046667
39.856605
56.343007
33.843783
30.270118
-17.781409
41.218861
32.062301
61.663218
33.627320
32.106431
39.019334
56.704882
34.730549
51.197230
47.779907
34.864932
35.492723
26.159019
24.949456
33.391494
26.453841
67.973792
53.322112
41.907161
38.279056
53.112299
47.579640
52.703444
52.942707
55.748276
36.694857
51.391025
56.129482
51.109514
44.016261
32.995114
57.244437
51.166698
53.518249
55.310379
35.213477
52.309910
43.373243
48.513722
36.623457
46.757759
45.315142
52.597639
49.643959
38.181836
30.745224
50.302500
36.138830
56.030906
34.128252
39.020367
36.723425
42.945393
36.251738
43.241995
59.714336
51.449904
29.434795
22.973558
15.012076
29.183277
37.696481
60.341912
36.837062
28.783734
49.727101
34.615946
25.072927
19.312436
33.456835
42.592131
35.337015
63.163854
43.625600
42.196347
41.045485
60.631058
30.736438
44.945101
38.855906
55.779079
53.130784
36.706248
39.938466
32.624979
41.956395
53.710347
47.723649
34.444160
47.550462
52.448463
38.637586
30.784476
51.009613
45.814407
53.910233
46.130972
47.782961
50.413976
49.747254
52.230469
57.135846
37.700206
53.728512
50.983917
41.938150
31.842708
55.893072
49.233280
0.623958
34.887274
53.574281
37.875861
54.145293
31.602118
42.954114
42.063058
22.741417
47.742186
63.584404
31.262117
27.182839
48.130074
20.924159
26.795855
17.122687
50.112365
49.174791
51.554730
38.025488
53.465484
51.640768
56.593178
48.079775
57.050378
34.514779
47.997173
57.236373
47.103427
33.359038
32.985318
58.228679
50.247844
49.295964
50.417279
35.369267
51.228271
41.127595
49.478020
31.632508
38.418200
45.956144
51.362236
51.814867
40.501804
36.825386
49.826111
32.598596
42.674545
54.027046
49.512467
52.911747
38.129642
54.813059
59.004204
45.061891
34.602640
33.658851
27.682958
18.092019
59.397787
52.495275
40.559166
41.452681
33.516896
19.265982
49.881557
36.372599
27.820911
40.312543
40.771735
36.829532
56.293852
41.065828
33.248087
28.201809
36.400223
25.822370
52.335594
50.694708
42.973799
53.397064
35.638684
52.886044
42.920301
44.674010
33.662031
32.817914
45.795075
38.456132
55.542065
53.695692
38.087235
37.009035
31.153393
40.813073
53.172905
60.203288
46.128928
56.201585
55.343844
55.566707
31.599982
54.341770
55.996016
50.429817
55.366716
33.014423
44.121242
38.464858
24.521170
40.161788
55.822889
36.520296
33.864596
34.851314
37.448389
29.564557
22.844709
-14.310375
38.983434
27.310398
63.551551
28.727239
27.380430
32.174407
54.798484
43.270513
34.109081
34.676569
55.819085
40.228651
45.969415
50.134265
37.333102
32.573957
47.163244
53.711862
40.742269
39.425176
53.026703
47.090802
52.111440
53.102406
55.495238
36.740092
51.256868
56.004517
51.295216
44.507096
32.968992
57.149644
51.163282
53.651455
55.489476
35.035771
52.303894
44.123636
47.093184
41.414378
50.356918
44.134998
52.874577
47.034080
36.359590
17.194661
50.019440
20.212962
26.942508
43.756347
32.800825
28.550918
59.670138
34.403061
33.043255
44.901800
34.744447
28.239237
46.744067
20.980653
54.503626
56.266745
41.891740
56.320064
48.192364
34.440202
53.588317
45.974340
36.364609
34.326843
42.720132
42.110366
30.989035
66.947516
44.377755
40.971384
36.897082
44.698803
43.373472
59.245250
65.307111
42.545106
45.813772
42.718284
36.877406
35.194195
37.735394
54.726779
35.058211
34.158458
32.633302
33.874845
57.185631
33.914460
42.044832
55.328405
33.340375
61.816838
40.901985
56.407277
53.641146
56.631779
31.976925
52.472622
57.324557
40.687145
55.988765
48.231708
48.581530
48.269081
53.720551
57.063130
38.667414
53.770676
51.757934
43.169490
26.015994
55.842229
49.487947
0.374764
34.791288
53.549146
38.882775
54.206583
26.924838
42.561648
42.416293
43.626661
35.333738
36.866568
36.197180
60.973353
39.166924
32.110894
36.197380
29.884030
42.203037
51.931556
49.799656
29.257567
54.304997
51.221240
56.144189
50.971215
57.526308
35.994986
49.916554
51.713237
52.653108
46.099826
30.352166
53.124152
49.733587
55.028993
57.396426
24.808943
51.005330
39.329296
49.055404
44.414356
38.800278
44.944082
46.853721
53.064726
39.519296
38.865361
46.875364
38.239099
50.099668
55.458845
47.342744
51.526379
39.510397
56.265535
59.323050
47.293747
31.672091
26.131001
33.515823
21.153726
36.822398
36.380370
61.936443
44.649791
36.523888
48.333675
34.164708
52.863627
46.866986
33.011286
43.790008
37.941895
39.738708
62.113162
49.115738
52.440880
42.951879
46.882669
28.466242
56.732503
67.257929
21.974062
45.004100
28.831584
20.631787
33.033043
35.378631
39.428629
37.262430
40.878168
49.913032
35.168715
38.160270
52.759721
27.583886
32.035345
40.482862
48.573300
47.882540
42.486876
57.701465
54.946948
37.483922
52.168278
53.466790
43.290057
36.049498
36.931964
32.243208
-12.697149
30.735965
32.662298
38.275094
32.242013
51.586998
37.119095
40.691368
49.837095
52.677045
45.400197
29.229009
51.407805
48.939982
54.957772
57.484569
25.421073
50.231473
41.381512
32.097450
55.390946
46.154685
33.455772
22.719532
33.674795
58.818193
23.677534
28.377205
30.557650
43.479712
55.595202
49.645340
52.381489
36.907202
55.924700
59.594106
48.257535
35.633999
43.356759
53.578315
25.040724
39.830389
48.109882
42.674001
63.953338
56.034526
35.902613
43.380780
39.928483
50.812377
48.779459
33.959624
55.315510
37.757146
58.573150
41.447706
51.967130
39.979295
38.560586
36.729204
53.004389
33.635513
22.831359
44.392874
20.706134
55.480451
37.809739
31.317430
61.824343
40.708357
56.434307
53.548000
56.692997
31.915405
52.405567
57.319001
40.524842
56.023923
48.784193
46.359472
43.349720
56.651612
56.118483
39.056340
53.136573
53.176236
44.260506
31.407696
55.892957
49.063791
0.464869
35.087306
53.560891
37.690194
54.093123
33.614919
43.155928
41.938702
58.730473
35.596002
41.273327
33.938923
44.412706
44.710267
31.230894
36.309054
28.549501
44.902960
53.833373
41.442837
39.045082
53.118311
47.268971
52.184218
52.967654
55.555662
36.971595
50.909201
57.252240
46.797182
35.642442
32.918153
58.210746
50.168402
49.046340
50.099165
35.221210
51.160102
60.800915
27.611384
46.027149
41.185474
26.207233
35.968611
9.301722
37.636137
37.134407
32.846200
67.367734
50.911841
31.855556
4.105524
18.694717
12.982725
27.159328
22.612356
41.559550
20.591054
46.017644
49.952178
22.113302
44.085027
37.420661
41.670984
60.819022
53.053047
35.472456
37.882113
53.061291
47.404094
32.004466
42.337098
34.570176
39.444649
60.383735
49.012167
53.009895
44.939320
63.451768
10.778209
38.372516
50.372863
28.838274
43.469922
41.607644
35.985857
39.248047
36.973973
55.030761
32.351546
40.046828
29.767811
29.563054
56.872725
32.296449
39.509155
52.935460
29.642531
31.475857
60.576539
44.933171
37.482633
15.980661
18.259532
37.075488
29.824675
32.528355
29.892858
28.540456
62.310365
55.776973
45.674809
45.720015
38.011985
34.682805
37.908255
41.164543
23.128688
54.847712
50.084852
1.796738
35.283183
52.679361
36.235418
53.689848
34.648088
35.821394
42.102342
26.274768
69.446364
45.555678
18.775023
23.624757
21.306707
13.987381
12.867083
15.191727
49.382097
43.005054
52.425824
40.981307
50.975916
50.809821
55.744319
41.118172
54.993294
38.128888
44.022333
50.776660
52.771370
46.049095
29.787061
52.337426
49.314126
54.899563
57.398436
24.109706
50.569681
40.713138
49.603652
36.308138
33.229125
45.922851
50.660582
52.345084
40.849404
37.862676
49.390650
50.266318
67.486882
44.173444
37.005801
30.900649
28.190251
39.462400
37.159851
59.534005
40.194018
42.880701
53.598706
25.437519
38.074148
48.950075
41.976839
63.936512
56.013537
35.739523
44.507939
52.544425
48.567508
35.603926
40.956838
41.831330
35.627007
54.531249
47.396849
54.867777
52.117441
39.500348
20.270688
37.931308
47.616701
29.121040
64.780182
41.043888
39.886345
40.409361
59.124537
34.143925
55.115032
34.474498
33.398873
35.292516
34.100399
34.318994
36.753815
56.450939
34.145346
61.264439
42.976108
56.973327
53.858957
57.217353
30.861038
53.123264
56.745533
43.745957
56.396755
33.503589
61.278734
56.411064
42.769513
51.944426
35.563338
46.805708
20.766847
39.148998
41.271506
54.234140
49.987295
2.228210
36.574195
52.107024
33.790103
53.229372
36.738696
34.960431
41.466077
48.539481
36.965962
49.536675
42.531595
43.476003
57.547929
35.258157
27.300738
28.398238
27.042213
34.473604
34.586583
58.351983
43.355006
30.856968
42.058144
34.251472
26.682424
34.105450
39.265800
33.385395
39.674080
59.591168
21.863303
31.145668
37.410354
42.161591
43.379801
34.044264
37.617259
41.200644
24.759755
64.508050
44.516980
31.298015
29.933234
32.925768
49.047862
34.155839
20.086336
37.041367
50.118192
61.367827
31.968385
36.431301
40.785028
42.395184
45.114400
35.023319
26.725435
44.537175
42.215903
30.789774
34.813975
43.171384
43.180928
53.839783
46.415851
28.303464
40.682995
27.708619
29.444718
52.337583
45.847960
31.380233
37.772727
47.988499
29.583534
38.977684
42.658996
48.338676
45.837043
47.585002
37.712689
53.828247
45.802914
60.073104
38.302171
54.872804
44.267966
37.741774
35.800820
58.104473
35.298100
34.283910
34.117694
34.871808
50.235758
41.665209
34.995343
59.723673
45.855842
55.459280
55.549111
54.428069
32.017327
54.314972
55.659358
50.933545
54.591647
46.723679
49.330859
44.489292
58.558762
50.657285
22.803648
48.444420
52.714806
35.942363
39.166045
36.162030
13.897741
-11.417429
53.815098
33.495349
47.592673
33.010608
27.350881
32.489011
45.092826
45.259926
33.814890
33.412835
55.040556
41.879089
46.203454
50.902058
35.677378
26.911470
37.639333
52.471190
49.123798
23.871978
54.365420
50.927868
55.830763
51.487254
57.476406
36.553736
50.209559
57.095662
44.413965
44.357433
32.397651
58.040633
49.281360
46.397303
47.049950
33.834708
50.183634
43.768515
27.518295
43.461007
56.240327
26.752438
46.803080
35.909814
42.663558
36.631785
40.468243
10.188620
52.807877
51.726232
52.484324
50.412361
38.751707
51.217135
56.697526
43.102724
38.163967
32.631918
42.962569
16.106409
55.292401
56.038996
42.393959
52.047930
43.821631
32.434296
53.752264
40.647637
29.303271
46.639413
58.833042
55.763468
40.425579
51.327115
35.488502
41.061114
53.078018
40.344651
35.291255
39.318754
32.259779
34.828062
46.342707
36.455373
58.575658
28.129892
43.860278
32.119545
45.587892
38.944918
55.773987
53.551173
37.794028
38.339810
31.732409
41.429015
53.589481
61.134000
39.431077
56.772912
52.309014
57.413028
30.009472
51.780774
56.465535
41.156968
56.344005
38.671272
27.763760
40.533859
39.267010
41.413809
29.533208
37.432380
54.038561
33.821378
48.775963
49.485280
51.542236
37.902500
53.587664
51.659950
56.575062
48.308133
57.123578
34.640999
48.078022
39.202365
34.629292
45.445967
58.401700
56.115279
40.899631
53.382781
32.463196
44.706038
54.114935
46.023864
44.851497
42.894123
55.830651
54.200949
40.237128
48.425014
35.940864
52.609240
55.931032
33.754036
24.010139
44.465523
47.475600
10.936962
26.839541
47.324656
35.083608
59.222569
42.586639
35.594871
45.657926
40.396224
36.953750
41.045441
25.777533
38.642548
39.711225
58.282485
37.976714
39.115329
37.426607
48.685124
40.908506
33.525533
20.550416
39.745236
29.271022
51.795362
30.238253
46.968729
63.697137
37.521163
32.465873
35.653365
40.928570
40.359814
44.530725
63.031127
48.094527
51.105511
42.809854
48.052545
45.529560
52.081452
47.475294
59.653509
38.230778
55.274932
44.144480
42.259104
24.278389
-10.528218
43.181922
39.629416
41.035548
39.205420
31.528281
56.190005
40.731056
37.175675
32.494221
40.022157
35.103186
24.281266
24.248823
35.379159
38.302326
52.984791
34.392212
40.803446
30.323352
41.418347
11.268638
41.658595
29.775675
29.950203
37.443708
51.176796
32.544812
46.023864
44.851497
42.894123
55.830651
54.200949
40.237128
48.425014
35.940864
52.609240
55.931032
48.568185
51.971699
40.866571
37.544300
34.432039
53.541838
25.837771
36.811177
59.554361
35.776618
39.085220
37.591550
31.448119
39.426351
43.485480
40.644626
18.826545
38.487664
48.528506
42.510289
32.631918
42.962569
16.106409
55.292401
56.038996
42.393959
52.047930
43.821631
32.434296
53.752264
23.787952
37.529788
42.072693
41.473186
39.452885
36.961916
25.046556
33.046667
39.856605
56.343007
36.138830
56.030906
34.128252
39.020367
36.723425
42.945393
36.251738
43.241995
59.714336
51.449904
25.072927
19.312436
33.456835
42.592131
35.337015
63.163854
43.625600
42.196347
41.045485
60.631058
33.843783
30.270118
-17.781409
41.218861
32.062301
61.663218
33.627320
32.106431
39.019334
56.704882
56.129482
51.109514
44.016261
32.995114
57.244437
51.166698
53.518249
55.310379
35.213477
52.309910
61.388452
39.591412
56.799546
52.577426
57.386635
30.478450
51.930752
56.745241
40.925921
56.384023
43.373243
48.513722
36.623457
46.757759
45.315142
52.597639
49.643959
38.181836
30.745224
50.302500
53.322112
41.907161
38.279056
53.112299
47.579640
52.703444
52.942707
55.748276
36.694857
51.391025
34.730549
51.197230
47.779907
34.864932
35.492723
26.159019
24.949456
33.391494
26.453841
67.973792
30.736438
44.945101
38.855906
55.779079
53.130784
36.706248
39.938466
32.624979
41.956395
53.710347
47.782961
50.413976
49.747254
52.230469
57.135846
37.700206
53.728512
50.983917
41.938150
31.842708
48.539481
36.965962
49.536675
42.531595
43.476003
57.547929
35.258157
27.300738
28.398238
27.042213
41.127595
49.478020
31.632508
38.418200
45.956144
51.362236
51.814867
40.501804
36.825386
49.826111
32.598596
42.674545
54.027046
49.512467
52.911747
38.129642
54.813059
59.004204
45.061891
34.602640
43.356759
53.578315
25.040724
39.830389
48.109882
42.674001
63.953338
56.034526
35.902613
43.380780
45.974340
36.364609
34.326843
42.720132
42.110366
30.989035
66.947516
44.377755
40.971384
36.897082
39.500348
20.270688
37.931308
47.616701
29.121040
64.780182
41.043888
39.886345
40.409361
59.124537
32.817914
45.795075
38.456132
55.542065
53.695692
38.087235
37.009035
31.153393
40.813073
53.172905
61.134000
39.431077
56.772912
52.309014
57.413028
30.009472
51.780774
56.465535
41.156968
56.344005
49.485280
51.542236
37.902500
53.587664
51.659950
56.575062
48.308133
57.123578
34.640999
48.078022
33.014423
44.121242
38.464858
24.521170
40.161788
55.822889
36.520296
33.864596
34.851314
37.448389
44.123636
47.093184
41.414378
50.356918
44.134998
52.874577
47.034080
36.359590
17.194661
50.019440
20.212962
26.942508
43.756347
32.800825
28.550918
59.670138
34.403061
33.043255
44.901800
34.744447
43.368787
53.579437
24.968614
39.826561
48.050360
42.642855
63.952467
56.035161
35.880196
43.320625
54.726779
35.058211
34.158458
32.633302
33.874845
57.185631
33.914460
42.044832
55.328405
33.340375
47.723649
34.444160
47.550462
52.448463
38.637586
30.784476
51.009613
45.814407
53.910233
46.130972
52.863627
46.866986
33.011286
43.790008
37.941895
39.738708
62.113162
49.115738
52.440880
42.951879
45.259926
33.814890
33.412835
55.040556
41.879089
46.203454
50.902058
35.677378
26.911470
37.639333
48.338676
45.837043
47.585002
37.712689
53.828247
45.802914
60.073104
38.302171
54.872804
44.267966
39.329296
49.055404
44.414356
38.800278
44.944082
46.853721
53.064726
39.519296
38.865361
46.875364
53.711862
40.742269
39.425176
53.026703
47.090802
52.111440
53.102406
55.495238
36.740092
51.256868
60.203288
46.128928
56.201585
55.343844
55.566707
31.599982
54.341770
55.996016
50.429817
55.366716
48.231708
48.581530
48.269081
53.720551
57.063130
38.667414
53.770676
51.757934
43.169490
26.015994
38.239099
50.099668
55.458845
47.342744
51.526379
39.510397
56.265535
59.323050
47.293747
31.672091
39.428629
37.262430
40.878168
49.913032
35.168715
38.160270
52.759721
27.583886
32.035345
40.482862
51.687511
48.345694
38.346823
47.015360
46.786166
34.440187
51.176224
46.064232
54.993402
53.838819
29.434795
22.973558
15.012076
29.183277
37.696481
60.341912
36.837062
28.783734
49.727101
34.615946
38.671272
27.763760
40.533859
39.267010
41.413809
29.533208
37.432380
54.038561
33.821378
48.775963
41.381512
32.097450
55.390946
46.154685
33.455772
22.719532
33.674795
58.818193
23.677534
28.377205
40.344651
35.291255
39.318754
32.259779
34.828062
46.342707
36.455373
58.575658
28.129892
43.860278
54.362670
50.013169
-1.752109
38.712639
52.127646
33.896854
53.321194
36.320291
29.524646
40.385556
57.088260
42.818509
44.496457
35.611438
59.207844
49.610371
46.871607
47.124783
32.165359
50.300644
61.816838
40.901985
56.407277
53.641146
56.631779
31.976925
52.472622
57.324557
40.687145
55.988765
48.573300
47.882540
42.486876
57.701465
54.946948
37.483922
52.168278
53.466790
43.290057
36.049498
51.931556
49.799656
29.257567
54.304997
51.221240
56.144189
50.971215
57.526308
35.994986
49.916554
30.557650
43.479712
55.595202
49.645340
52.381489
36.907202
55.924700
59.594106
48.257535
35.633999
38.560586
36.729204
53.004389
33.635513
22.831359
44.392874
20.706134
55.480451
37.809739
31.317430
55.892957
49.063791
0.464869
35.087306
53.560891
37.690194
54.093123
33.614919
43.155928
41.938702
53.833373
41.442837
39.045082
53.118311
47.268971
52.184218
52.967654
55.555662
36.971595
50.909201
57.252240
46.797182
35.642442
32.918153
58.210746
50.168402
49.046340
50.099165
35.221210
51.160102
46.017644
49.952178
22.113302
44.085027
37.420661
41.670984
60.819022
53.053047
35.472456
37.882113
53.061291
47.404094
32.004466
42.337098
34.570176
39.444649
60.383735
49.012167
53.009895
44.939320
61.824343
40.708357
56.434307
53.548000
56.692997
31.915405
52.405567
57.319001
40.524842
56.023923
48.784193
46.359472
43.349720
56.651612
56.118483
39.056340
53.136573
53.176236
44.260506
31.407696
58.730473
35.596002
41.273327
33.938923
44.412706
44.710267
31.230894
36.309054
28.549501
44.902960
60.800915
27.611384
46.027149
41.185474
26.207233
35.968611
9.301722
37.636137
37.134407
32.846200
67.367734
50.911841
31.855556
4.105524
18.694717
12.982725
27.159328
22.612356
41.559550
20.591054
63.451768
10.778209
38.372516
50.372863
28.838274
43.469922
41.607644
35.985857
39.248047
36.973973
55.030761
32.351546
40.046828
29.767811
29.563054
56.872725
32.296449
39.509155
52.935460
29.642531
54.847712
50.084852
1.796738
35.283183
52.679361
36.235418
53.689848
34.648088
35.821394
42.102342
50.776660
52.771370
46.049095
29.787061
52.337426
49.314126
54.899563
57.398436
24.109706
50.569681
52.544425
48.567508
35.603926
40.956838
41.831330
35.627007
54.531249
47.396849
54.867777
52.117441
43.005054
52.425824
40.981307
50.975916
50.809821
55.744319
41.118172
54.993294
38.128888
44.022333
42.880701
53.598706
25.437519
38.074148
48.950075
41.976839
63.936512
56.013537
35.739523
44.507939
36.162030
13.897741
-11.417429
53.815098
33.495349
47.592673
33.010608
27.350881
32.489011
45.092826
33.385395
39.674080
59.591168
21.863303
31.145668
37.410354
42.161591
43.379801
34.044264
37.617259
31.475857
60.576539
44.933171
37.482633
15.980661
18.259532
37.075488
29.824675
32.528355
29.892858
28.540456
62.310365
55.776973
45.674809
45.720015
38.011985
34.682805
37.908255
41.164543
23.128688
26.274768
69.446364
45.555678
18.775023
23.624757
21.306707
13.987381
12.867083
15.191727
49.382097
40.713138
49.603652
36.308138
33.229125
45.922851
50.660582
52.345084
40.849404
37.862676
49.390650
50.266318
67.486882
44.173444
37.005801
30.900649
28.190251
39.462400
37.159851
59.534005
40.194018
25.822370
52.335594
50.694708
42.973799
53.397064
35.638684
52.886044
42.920301
44.674010
33.662031
34.143925
55.115032
34.474498
33.398873
35.292516
34.100399
34.318994
36.753815
56.450939
34.145346
27.708619
29.444718
52.337583
45.847960
31.380233
37.772727
47.988499
29.583534
38.977684
42.658996
55.893072
49.233280
0.623958
34.887274
53.574281
37.875861
54.145293
31.602118
42.954114
42.063058
57.236373
47.103427
33.359038
32.985318
58.228679
50.247844
49.295964
50.417279
35.369267
51.228271
44.537175
42.215903
30.789774
34.813975
43.171384
43.180928
53.839783
46.415851
28.303464
40.682995
34.473604
34.586583
58.351983
43.355006
30.856968
42.058144
34.251472
26.682424
34.105450
39.265800
29.564557
22.844709
-14.310375
38.983434
27.310398
63.551551
28.727239
27.380430
32.174407
54.798484
22.741417
47.742186
63.584404
31.262117
27.182839
48.130074
20.924159
26.795855
17.122687
50.112365
56.004517
51.295216
44.507096
32.968992
57.149644
51.163282
53.651455
55.489476
35.035771
52.303894
40.647637
29.303271
46.639413
58.833042
55.763468
40.425579
51.327115
35.488502
41.061114
53.078018
61.264439
42.976108
56.973327
53.858957
57.217353
30.861038
53.123264
56.745533
43.745957
56.396755
33.503589
61.278734
56.411064
42.769513
51.944426
35.563338
46.805708
20.766847
39.148998
41.271506
41.200644
24.759755
64.508050
44.516980
31.298015
29.933234
32.925768
49.047862
34.155839
20.086336
37.041367
50.118192
61.367827
31.968385
36.431301
40.785028
42.395184
45.114400
35.023319
26.725435
33.658851
27.682958
18.092019
59.397787
52.495275
40.559166
41.452681
33.516896
19.265982
49.881557
44.698803
43.373472
59.245250
65.307111
42.545106
45.813772
42.718284
36.877406
35.194195
37.735394
37.741774
35.800820
58.104473
35.298100
34.283910
34.117694
34.871808
50.235758
41.665209
34.995343
55.842229
49.487947
0.374764
34.791288
53.549146
38.882775
54.206583
26.924838
42.561648
42.416293
43.270513
34.109081
34.676569
55.819085
40.228651
45.969415
50.134265
37.333102
32.573957
47.163244
52.471190
49.123798
23.871978
54.365420
50.927868
55.830763
51.487254
57.476406
36.553736
50.209559
51.713237
52.653108
46.099826
30.352166
53.124152
49.733587
55.028993
57.396426
24.808943
51.005330
39.202365
34.629292
45.445967
58.401700
56.115279
40.899631
53.382781
32.463196
44.706038
54.114935
43.768515
27.518295
43.461007
56.240327
26.752438
46.803080
35.909814
42.663558
36.631785
40.468243
59.723673
45.855842
55.459280
55.549111
54.428069
32.017327
54.314972
55.659358
50.933545
54.591647
46.723679
49.330859
44.489292
58.558762
50.657285
22.803648
48.444420
52.714806
35.942363
39.166045
10.188620
52.807877
51.726232
52.484324
50.412361
38.751707
51.217135
56.697526
43.102724
38.163967
28.239237
46.744067
20.980653
54.503626
56.266745
41.891740
56.320064
48.192364
34.440202
53.588317
46.882669
28.466242
56.732503
67.257929
21.974062
45.004100
28.831584
20.631787
33.033043
35.378631
32.119545
45.587892
38.944918
55.773987
53.551173
37.794028
38.339810
31.732409
41.429015
53.589481
36.931964
32.243208
-12.697149
30.735965
32.662298
38.275094
32.242013
51.586998
37.119095
40.691368
43.626661
35.333738
36.866568
36.197180
60.973353
39.166924
32.110894
36.197380
29.884030
42.203037
49.174791
51.554730
38.025488
53.465484
51.640768
56.593178
48.079775
57.050378
34.514779
47.997173
49.837095
52.677045
45.400197
29.229009
51.407805
48.939982
54.957772
57.484569
25.421073
50.231473
36.372599
27.820911
40.312543
40.771735
36.829532
56.293852
41.065828
33.248087
28.201809
36.400223
39.329296
49.055404
44.414356
38.800278
44.944082
46.853721
53.064726
39.519296
38.865361
46.875364
55.892957
49.063791
0.464869
35.087306
53.560891
37.690194
54.093123
33.614919
43.155928
41.938702
22.741417
47.742186
63.584404
31.262117
27.182839
48.130074
20.924159
26.795855
17.122687
50.112365
57.252240
46.797182
35.642442
32.918153
58.210746
50.168402
49.046340
50.099165
35.221210
51.160102
60.800915
27.611384
46.027149
41.185474
26.207233
35.968611
9.301722
37.636137
37.134407
32.846200
53.061291
47.404094
32.004466
42.337098
34.570176
39.444649
60.383735
49.012167
53.009895
44.939320
48.784193
46.359472
43.349720
56.651612
56.118483
39.056340
53.136573
53.176236
44.260506
31.407696
53.833373
41.442837
39.045082
53.118311
47.268971
52.184218
52.967654
55.555662
36.971595
50.909201
25.822370
52.335594
50.694708
42.973799
53.397064
35.638684
52.886044
42.920301
44.674010
33.662031
40.713138
49.603652
36.308138
33.229125
45.922851
50.660582
52.345084
40.849404
37.862676
49.390650
54.847712
50.084852
1.796738
35.283183
52.679361
36.235418
53.689848
34.648088
35.821394
42.102342
10.188620
52.807877
51.726232
52.484324
50.412361
38.751707
51.217135
56.697526
43.102724
38.163967
46.017644
49.952178
22.113302
44.085027
37.420661
41.670984
60.819022
53.053047
35.472456
37.882113
32.119545
45.587892
38.944918
55.773987
53.551173
37.794028
38.339810
31.732409
41.429015
53.589481
50.776660
52.771370
46.049095
29.787061
52.337426
49.314126
54.899563
57.398436
24.109706
50.569681
52.544425
48.567508
35.603926
40.956838
41.831330
35.627007
54.531249
47.396849
54.867777
52.117441
33.503589
61.278734
56.411064
42.769513
51.944426
35.563338
46.805708
20.766847
39.148998
41.271506
44.698803
43.373472
59.245250
65.307111
42.545106
45.813772
42.718284
36.877406
35.194195
37.735394
36.162030
13.897741
-11.417429
53.815098
33.495349
47.592673
33.010608
27.350881
32.489011
45.092826
43.270513
34.109081
34.676569
55.819085
40.228651
45.969415
50.134265
37.333102
32.573957
47.163244
52.471190
49.123798
23.871978
54.365420
50.927868
55.830763
51.487254
57.476406
36.553736
50.209559
33.385395
39.674080
59.591168
21.863303
31.145668
37.410354
42.161591
43.379801
34.044264
37.617259
42.880701
53.598706
25.437519
38.074148
48.950075
41.976839
63.936512
56.013537
35.739523
44.507939
27.708619
29.444718
52.337583
45.847960
31.380233
37.772727
47.988499
29.583534
38.977684
42.658996
46.723679
49.330859
44.489292
58.558762
50.657285
22.803648
48.444420
52.714806
35.942363
39.166045
55.893072
49.233280
0.623958
34.887274
53.574281
37.875861
54.145293
31.602118
42.954114
42.063058
43.626661
35.333738
36.866568
36.197180
60.973353
39.166924
32.110894
36.197380
29.884030
42.203037
49.485280
51.542236
37.902500
53.587664
51.659950
56.575062
48.308133
57.123578
34.640999
48.078022
39.928483
50.812377
48.779459
33.959624
55.315510
37.757146
58.573150
41.447706
51.967130
39.979295
32.817914
45.795075
38.456132
55.542065
53.695692
38.087235
37.009035
31.153393
40.813073
53.172905
47.782961
50.413976
49.747254
52.230469
57.135846
37.700206
53.728512
50.983917
41.938150
31.842708
29.564557
22.844709
-14.310375
38.983434
27.310398
63.551551
28.727239
27.380430
32.174407
54.798484
39.085220
37.591550
31.448119
39.426351
43.485480
40.644626
18.826545
38.487664
48.528506
42.510289
32.598596
42.674545
54.027046
49.512467
52.911747
38.129642
54.813059
59.004204
45.061891
34.602640
44.537175
42.215903
30.789774
34.813975
43.171384
43.180928
53.839783
46.415851
28.303464
40.682995
48.338676
45.837043
47.585002
37.712689
53.828247
45.802914
60.073104
38.302171
54.872804
44.267966
39.428629
37.262430
40.878168
49.913032
35.168715
38.160270
52.759721
27.583886
32.035345
40.482862
43.768515
27.518295
43.461007
56.240327
26.752438
46.803080
35.909814
42.663558
36.631785
40.468243
57.236373
47.103427
33.359038
32.985318
58.228679
50.247844
49.295964
50.417279
35.369267
51.228271
40.647637
29.303271
46.639413
58.833042
55.763468
40.425579
51.327115
35.488502
41.061114
53.078018
33.014423
44.121242
38.464858
24.521170
40.161788
55.822889
36.520296
33.864596
34.851314
37.448389
55.842229
49.487947
0.374764
34.791288
53.549146
38.882775
54.206583
26.924838
42.561648
42.416293
56.004517
51.295216
44.507096
32.968992
57.149644
51.163282
53.651455
55.489476
35.035771
52.303894
39.202365
34.629292
45.445967
58.401700
56.115279
40.899631
53.382781
32.463196
44.706038
54.114935
47.723649
34.444160
47.550462
52.448463
38.637586
30.784476
51.009613
45.814407
53.910233
46.130972
38.239099
50.099668
55.458845
47.342744
51.526379
39.510397
56.265535
59.323050
47.293747
31.672091
26.131001
33.515823
21.153726
36.822398
36.380370
61.936443
44.649791
36.523888
48.333675
34.164708
30.736438
44.945101
38.855906
55.779079
53.130784
36.706248
39.938466
32.624979
41.956395
53.710347
36.931964
32.243208
-12.697149
30.735965
32.662298
38.275094
32.242013
51.586998
37.119095
40.691368
39.329296
49.055404
44.414356
38.800278
44.944082
46.853721
53.064726
39.519296
38.865361
46.875364
51.713237
52.653108
46.099826
30.352166
53.124152
49.733587
55.028993
57.396426
24.808943
51.005330
36.372599
27.820911
40.312543
40.771735
36.829532
56.293852
41.065828
33.248087
28.201809
36.400223
49.174791
51.554730
38.025488
53.465484
51.640768
56.593178
48.079775
57.050378
34.514779
47.997173
48.573300
47.882540
42.486876
57.701465
54.946948
37.483922
52.168278
53.466790
43.290057
36.049498
49.837095
52.677045
45.400197
29.229009
51.407805
48.939982
54.957772
57.484569
25.421073
50.231473
43.373243
48.513722
36.623457
46.757759
45.315142
52.597639
49.643959
38.181836
30.745224
50.302500
30.557650
43.479712
55.595202
49.645340
52.381489
36.907202
55.924700
59.594106
48.257535
35.633999
29.434795
22.973558
15.012076
29.183277
37.696481
60.341912
36.837062
28.783734
49.727101
34.615946
52.863627
46.866986
33.011286
43.790008
37.941895
39.738708
62.113162
49.115738
52.440880
42.951879
43.768515
27.518295
43.461007
56.240327
26.752438
46.803080
35.909814
42.663558
36.631785
40.468243
32.119545
45.587892
38.944918
55.773987
53.551173
37.794028
38.339810
31.732409
41.429015
53.589481
48.784193
46.359472
43.349720
56.651612
56.118483
39.056340
53.136573
53.176236
44.260506
31.407696
10.188620
52.807877
51.726232
52.484324
50.412361
38.751707
51.217135
56.697526
43.102724
38.163967
52.544425
48.567508
35.603926
40.956838
41.831330
35.627007
54.531249
47.396849
54.867777
52.117441
33.503589
61.278734
56.411064
42.769513
51.944426
35.563338
46.805708
20.766847
39.148998
41.271506
40.647637
29.303271
46.639413
58.833042
55.763468
40.425579
51.327115
35.488502
41.061114
53.078018
32.598596
42.674545
54.027046
49.512467
52.911747
38.129642
54.813059
59.004204
45.061891
34.602640
46.723679
49.330859
44.489292
58.558762
50.657285
22.803648
48.444420
52.714806
35.942363
39.166045
52.863627
46.866986
33.011286
43.790008
37.941895
39.738708
62.113162
49.115738
52.440880
42.951879
47.723649
34.444160
47.550462
52.448463
38.637586
30.784476
51.009613
45.814407
53.910233
46.130972
54.362670
50.013169
-1.752109
38.712639
52.127646
33.896854
53.321194
36.320291
29.524646
40.385556
57.088260
42.818509
44.496457
35.611438
59.207844
49.610371
46.871607
47.124783
32.165359
50.300644
44.537175
42.215903
30.789774
34.813975
43.171384
43.180928
53.839783
46.415851
28.303464
40.682995
33.014423
44.121242
38.464858
24.521170
40.161788
55.822889
36.520296
33.864596
34.851314
37.448389
50.776660
52.771370
46.049095
29.787061
52.337426
49.314126
54.899563
57.398436
24.109706
50.569681
55.892957
49.063791
0.464869
35.087306
53.560891
37.690194
54.093123
33.614919
43.155928
41.938702
52.544425
48.567508
35.603926
40.956838
41.831330
35.627007
54.531249
47.396849
54.867777
52.117441
40.647637
29.303271
46.639413
58.833042
55.763468
40.425579
51.327115
35.488502
41.061114
53.078018
54.847712
50.084852
1.796738
35.283183
52.679361
36.235418
53.689848
34.648088
35.821394
42.102342
46.723679
49.330859
44.489292
58.558762
50.657285
22.803648
48.444420
52.714806
35.942363
39.166045
54.234140
49.987295
2.228210
36.574195
52.107024
33.790103
53.229372
36.738696
34.960431
41.466077
33.014423
44.121242
38.464858
24.521170
40.161788
55.822889
36.520296
33.864596
34.851314
37.448389
55.893072
49.233280
0.623958
34.887274
53.574281
37.875861
54.145293
31.602118
42.954114
42.063058
47.723649
34.444160
47.550462
52.448463
38.637586
30.784476
51.009613
45.814407
53.910233
46.130972
41.145257
38.133736
32.062864
39.397713
43.358303
37.426063
12.854773
38.847190
47.899459
42.641996
44.537175
42.215903
30.789774
34.813975
43.171384
43.180928
53.839783
46.415851
28.303464
40.682995
57.095662
44.413965
44.357433
32.397651
58.040633
49.281360
46.397303
47.049950
33.834708
50.183634
55.842229
49.487947
0.374764
34.791288
53.549146
38.882775
54.206583
26.924838
42.561648
42.416293
47.723649
34.444160
47.550462
52.448463
38.637586
30.784476
51.009613
45.814407
53.910233
46.130972
54.362670
50.013169
-1.752109
38.712639
52.127646
33.896854
53.321194
36.320291
29.524646
40.385556
57.095662
44.413965
44.357433
32.397651
58.040633
49.281360
46.397303
47.049950
33.834708
50.183634
45.527440
47.645648
39.835473
49.843942
44.471204
52.860723
46.823732
38.328236
16.475058
49.923816
43.346633
53.572904
24.925652
39.820881
48.056853
42.640957
63.966168
56.038560
35.996333
43.344349
53.171988
48.253351
40.893139
45.206289
46.620201
34.240820
50.670834
45.974172
54.987722
53.778334
40.061772
37.375150
41.321062
44.037669
35.118381
38.524067
53.224906
26.594548
34.408422
41.716797
36.901706
31.853484
-13.593383
30.669582
33.192296
35.849123
34.198515
51.695963
37.290249
40.554984
49.831020
52.430687
45.259306
32.898916
52.674213
48.904700
55.317765
57.473436
22.970302
50.241004
32.214499
49.329973
43.356560
39.502944
46.260302
46.815073
52.916375
37.797013
38.330029
46.747983
44.912580
41.604330
32.005076
37.709618
43.429139
41.024202
54.196835
47.558805
25.946514
40.794762
31.436357
34.307382
44.200724
56.980174
56.140365
38.633331
51.798485
31.835172
44.739429
54.237291
26.544671
52.881589
54.101585
43.437794
55.160598
35.434847
52.670448
44.912467
44.549877
33.327229
43.646036
43.870386
61.635693
65.630933
44.086377
45.832177
42.550525
37.702513
35.404653
37.462850
47.670526
50.544282
44.021489
53.299541
57.060020
37.692154
53.839315
50.520400
41.947825
31.798881
36.014404
12.130735
-11.633229
53.926620
33.736683
47.384065
33.116503
26.926663
34.272801
45.225770
40.403288
36.256938
32.134179
39.767155
43.123394
34.171795
8.925330
41.042091
47.495813
42.684630
49.512468
51.546880
37.474552
53.860010
51.451275
56.528355
48.313076
57.238774
33.325969
40.094162
51.711500
52.520264
46.076232
32.741615
53.926833
49.713706
55.346151
57.388656
20.944785
50.978714
43.308403
49.844020
36.216003
27.063271
47.106603
50.601939
52.152309
41.420987
37.002426
49.281261
29.680134
22.994344
9.150254
27.059969
37.847958
60.364449
37.270652
27.641300
49.742648
34.645378
55.467754
47.402930
28.454440
41.953020
34.870755
39.057136
59.656029
49.000384
53.005134
44.441683
37.586659
37.953553
40.711581
45.812456
35.125997
38.807733
53.586100
29.223434
35.164013
41.726704
57.095662
44.413965
44.357433
32.397651
58.040633
49.281360
46.397303
47.049950
33.834708
50.183634
48.725660
46.288687
42.389718
58.218896
56.018887
39.157794
53.271018
52.554180
43.666423
31.391425
54.362670
50.013169
-1.752109
38.712639
52.127646
33.896854
53.321194
36.320291
29.524646
40.385556
44.537175
42.215903
30.789774
34.813975
43.171384
43.180928
53.839783
46.415851
28.303464
40.682995
44.537175
42.215903
30.789774
34.813975
43.171384
43.180928
53.839783
46.415851
28.303464
40.682995
55.837783
49.466217
-1.924695
36.010785
53.651225
37.918957
54.049891
28.685424
42.583231
42.276528
54.362670
50.013169
-1.752109
38.712639
52.127646
33.896854
53.321194
36.320291
29.524646
40.385556
54.847712
50.084852
1.796738
35.283183
52.679361
36.235418
53.689848
34.648088
35.821394
42.102342
54.234140
49.987295
2.228210
36.574195
52.107024
33.790103
53.229372
36.738696
34.960431
41.466077
55.846391
49.470456
-1.984039
35.722271
53.637235
37.642116
54.104853
28.950644
42.726756
40.942853
43.921442
41.947460
31.849833
36.965945
43.433225
42.422330
54.214231
46.932668
28.824131
40.590500
36.913115
51.203254
52.406099
34.889356
57.367709
37.973073
58.410619
43.122873
51.944896
38.622230
54.362670
50.013169
-1.752109
38.712639
52.127646
33.896854
53.321194
36.320291
29.524646
40.385556
54.234140
49.987295
2.228210
36.574195
52.107024
33.790103
53.229372
36.738696
34.960431
41.466077
54.234140
49.987295
2.228210
36.574195
52.107024
33.790103
53.229372
36.738696
34.960431
41.466077
54.234140
49.987295
2.228210
36.574195
52.107024
33.790103
53.229372
36.738696
34.960431
41.466077
54.335663
50.014207
-2.369268
39.484605
52.089371
33.736607
53.426159
36.202867
26.522187
39.627009
