0	3.214621	-10.624756	1.500000 
1	4.413541	-1.064309	1.500000 
2	-1.662243	-6.102581	1.500000 
3	-4.131210	-7.445457	1.500000 
4	0.221679	-6.010897	1.500000 
5	8.057030	-9.172180	1.500000 
6	2.940889	-6.116549	1.500000 
7	-3.400467	-10.853232	1.500000 
8	2.061685	-2.629516	1.500000 
9	-0.864849	-6.607817	1.500000 
10	16.276537	-13.796591	1.500000 
11	15.021092	-4.852453	1.500000 
12	13.065785	-7.951087	1.500000 
13	17.540629	8.823227	1.500000 
14	12.682428	-14.900672	1.500000 
15	29.360216	4.701887	1.500000 
16	25.932359	-13.462704	1.500000 
17	21.161974	-13.490186	1.500000 
18	14.907652	4.967470	1.500000 
19	15.331987	-2.309616	1.500000 
20	49.826002	-14.228624	1.500000 
21	33.565617	-12.877159	1.500000 
22	46.378151	-14.109409	1.500000 
23	44.429716	3.585552	1.500000 
24	30.557653	-13.975561	1.500000 
25	42.893790	0.982789	1.500000 
26	47.673475	-11.852586	1.500000 
27	30.724986	-7.011139	1.500000 
28	45.245962	8.815935	1.500000 
29	45.084579	1.369338	1.500000 
30	53.442221	2.458366	1.500000 
31	58.286391	0.286954	1.500000 
32	61.730244	1.711033	1.500000 
33	61.521105	-6.853486	1.500000 
34	50.013900	1.280480	1.500000 
35	54.490472	5.778080	1.500000 
36	57.921383	-14.198155	1.500000 
37	67.589298	-2.688148	1.500000 
38	50.839751	-10.219336	1.500000 
39	57.946061	-1.591765	1.500000 
40	76.267560	-6.763554	1.500000 
41	77.277539	9.441752	1.500000 
42	72.116981	-1.469790	1.500000 
43	83.139794	-9.140192	1.500000 
44	79.441608	-10.978756	1.500000 
45	79.327226	-12.844893	1.500000 
46	85.184587	-8.891765	1.500000 
47	76.828238	-10.289262	1.500000 
48	87.181220	4.161046	1.500000 
49	72.051920	-13.816877	1.500000 
50	102.792718	-10.318776	1.500000 
51	94.154077	-8.032998	1.500000 
52	95.634859	6.353759	1.500000 
53	101.108921	-8.875639	1.500000 
54	97.436899	-9.286945	1.500000 
55	94.799270	-10.162359	1.500000 
56	108.373529	-11.756791	1.500000 
57	92.038775	-10.468617	1.500000 
58	90.365075	-3.460709	1.500000 
59	94.416117	-11.090187	1.500000 
60	2.133382	16.965758	1.500000 
61	6.099269	28.245876	1.500000 
62	3.783647	20.314132	1.500000 
63	0.149887	14.185025	1.500000 
64	7.209641	30.193324	1.500000 
65	5.732313	31.640541	1.500000 
66	5.687850	26.495204	1.500000 
67	9.396521	19.154390	1.500000 
68	-9.997708	24.410576	1.500000 
69	6.969346	31.815359	1.500000 
70	21.283986	18.858411	1.500000 
71	21.331555	17.025589	1.500000 
72	16.604498	22.233262	1.500000 
73	18.800215	34.505354	1.500000 
74	12.820315	33.706266	1.500000 
75	11.291746	19.313428	1.500000 
76	22.566755	25.170138	1.500000 
77	16.962410	26.742009	1.500000 
78	22.582762	16.959070	1.500000 
79	28.947319	11.551884	1.500000 
80	44.689092	10.137256	1.500000 
81	37.938639	34.581342	1.500000 
82	33.629368	10.562417	1.500000 
83	43.140586	23.583480	1.500000 
84	34.437821	28.423702	1.500000 
85	45.052279	18.078860	1.500000 
86	39.399008	33.427091	1.500000 
87	39.398365	33.817118	1.500000 
88	49.763768	17.087808	1.500000 
89	31.548599	31.248714	1.500000 
90	69.619955	32.823854	1.500000 
91	67.901532	34.001039	1.500000 
92	52.134681	12.509298	1.500000 
93	63.827962	11.164308	1.500000 
94	58.013457	13.713772	1.500000 
95	69.356504	21.562879	1.500000 
96	57.332534	22.963418	1.500000 
97	67.078715	29.135769	1.500000 
98	54.746388	30.958471	1.500000 
99	59.801608	28.327927	1.500000 
100	81.919864	18.061917	1.500000 
101	87.957829	33.605949	1.500000 
102	81.231629	22.738562	1.500000 
103	78.996776	22.020056	1.500000 
104	84.484685	34.063206	1.500000 
105	83.208189	18.653373	1.500000 
106	80.647664	11.878368	1.500000 
107	72.609673	22.049926	1.500000 
108	79.509637	14.419710	1.500000 
109	74.134100	17.583047	1.500000 
110	109.362182	17.001693	1.500000 
111	105.956388	15.729150	1.500000 
112	105.742910	20.805685	1.500000 
113	98.658513	29.764864	1.500000 
114	102.041353	34.831483	1.500000 
115	107.544631	17.299339	1.500000 
116	90.502587	31.338623	1.500000 
117	108.583796	20.039829	1.500000 
118	90.098536	14.878257	1.500000 
119	98.889739	27.393232	1.500000 
