Time(sec)	CellId	BwpId	IMSI	pathLoss(dB)
0.0179286	1	0	1	-67.3431
0.0588571	1	1	1	-67.544
0.152857	1	2	1	-66.5642
0.178857	1	0	1	-67.3431
0.258857	1	1	1	-67.544
0.352857	1	2	1	-66.5642
0.378857	1	0	1	-67.3431
0.403929	1	0	1	-67.3431
0.406929	1	2	1	-66.5642
0.406929	1	0	1	-67.3431
0.407929	1	2	1	-66.5642
0.407929	1	0	1	-67.3431
0.408	1	0	1	-67.3431
0.408929	1	2	1	-66.5642
0.408929	1	0	1	-67.3431
0.411929	1	2	1	-66.5642
0.411929	1	0	1	-67.3431
0.412	1	0	1	-67.3431
0.412929	1	2	1	-66.5642
0.412929	1	0	1	-67.3431
0.413	1	0	1	-67.3431
0.413929	1	2	1	-66.5642
0.413929	1	0	1	-67.3431
0.416929	1	2	1	-66.5642
0.416929	1	0	1	-67.3431
0.417	1	0	1	-67.3431
0.417929	1	2	1	-66.5642
0.417929	1	0	1	-67.3431
0.418	1	0	1	-67.3431
0.418929	1	2	1	-66.5642
0.418929	1	0	1	-67.3431
0.421929	1	2	1	-66.5642
0.421929	1	0	1	-67.3431
0.422	1	0	1	-67.3431
0.422929	1	2	1	-66.5642
0.422929	1	0	1	-67.3431
0.423	1	0	1	-67.3431
0.423929	1	2	1	-66.5642
0.423929	1	0	1	-67.3431
0.426929	1	2	1	-66.5642
0.426929	1	0	1	-67.3431
0.427	1	0	1	-67.3431
0.427929	1	2	1	-66.5642
0.427929	1	0	1	-67.3431
0.428	1	0	1	-67.3431
0.428929	1	2	1	-66.5642
0.428929	1	0	1	-67.3431
0.431929	1	2	1	-66.5642
0.431929	1	0	1	-67.3431
0.432	1	0	1	-67.3431
0.432929	1	2	1	-66.5642
0.432929	1	0	1	-67.3431
0.433	1	0	1	-67.3431
0.433929	1	2	1	-66.5642
0.433929	1	0	1	-67.3431
0.436929	1	2	1	-66.5642
0.436929	1	0	1	-67.3431
0.437	1	0	1	-67.3431
0.437929	1	2	1	-66.5642
0.437929	1	0	1	-67.3431
0.438	1	0	1	-67.3431
0.438929	1	2	1	-66.5642
0.438929	1	0	1	-67.3431
0.441929	1	2	1	-66.5642
0.441929	1	0	1	-67.3431
0.442	1	0	1	-67.3431
0.442929	1	2	1	-66.5642
0.442929	1	0	1	-67.3431
0.443	1	0	1	-67.3431
0.443929	1	2	1	-66.5642
0.443929	1	0	1	-67.3431
0.446929	1	2	1	-66.5642
0.446929	1	0	1	-67.3431
0.447	1	0	1	-67.3431
0.447929	1	2	1	-66.5642
0.447929	1	0	1	-67.3431
0.448	1	0	1	-67.3431
0.448929	1	2	1	-66.5642
0.448929	1	0	1	-67.3431
0.451929	1	2	1	-66.5642
0.451929	1	0	1	-67.3431
0.452	1	0	1	-67.3431
0.452929	1	2	1	-66.5642
0.452929	1	0	1	-67.3431
0.453	1	0	1	-67.3431
0.453929	1	2	1	-66.5642
0.453929	1	0	1	-67.3431
0.456929	1	2	1	-66.5642
0.456929	1	0	1	-67.3431
0.457	1	0	1	-67.3431
0.457929	1	2	1	-66.5642
0.457929	1	0	1	-67.3431
0.458	1	0	1	-67.3431
0.458857	1	1	1	-67.544
0.458929	1	2	1	-66.5642
0.458929	1	0	1	-67.3431
0.461929	1	2	1	-66.5642
0.461929	1	0	1	-67.3431
0.462	1	0	1	-67.3431
0.462929	1	2	1	-66.5642
0.462929	1	0	1	-67.3431
0.463	1	0	1	-67.3431
0.463929	1	2	1	-66.5642
0.463929	1	0	1	-67.3431
0.466929	1	2	1	-66.5642
0.466929	1	0	1	-67.3431
0.467	1	0	1	-67.3431
0.467929	1	2	1	-66.5642
0.467929	1	0	1	-67.3431
0.468	1	0	1	-67.3431
0.468929	1	2	1	-66.5642
0.468929	1	0	1	-67.3431
0.471929	1	2	1	-66.5642
0.471929	1	0	1	-67.3431
0.472	1	0	1	-67.3431
0.472929	1	2	1	-66.5642
0.472929	1	0	1	-67.3431
0.473	1	0	1	-67.3431
0.473929	1	2	1	-66.5642
0.473929	1	0	1	-67.3431
0.476929	1	2	1	-66.5642
0.476929	1	0	1	-67.3431
0.477	1	0	1	-67.3431
0.477929	1	2	1	-66.5642
0.477929	1	0	1	-67.3431
0.478	1	0	1	-67.3431
0.478929	1	2	1	-66.5642
0.478929	1	0	1	-67.3431
0.481929	1	2	1	-66.5642
0.481929	1	0	1	-67.3431
0.482	1	0	1	-67.3431
0.482929	1	2	1	-66.5642
0.482929	1	0	1	-67.3431
0.483	1	0	1	-67.3431
0.483929	1	2	1	-66.5642
0.483929	1	0	1	-67.3431
0.486929	1	2	1	-66.5642
0.486929	1	0	1	-67.3431
0.487	1	0	1	-67.3431
0.487929	1	2	1	-66.5642
0.487929	1	0	1	-67.3431
0.488	1	0	1	-67.3431
0.488929	1	2	1	-66.5642
0.488929	1	0	1	-67.3431
0.491929	1	2	1	-66.5642
0.491929	1	0	1	-67.3431
0.492	1	0	1	-67.3431
0.492929	1	2	1	-66.5642
0.492929	1	0	1	-67.3431
0.493	1	0	1	-67.3431
0.493929	1	2	1	-66.5642
0.493929	1	0	1	-67.3431
0.496929	1	2	1	-66.5642
0.496929	1	0	1	-67.3431
0.497	1	0	1	-67.3431
0.497929	1	2	1	-66.5642
0.497929	1	0	1	-67.3431
0.498	1	0	1	-67.3431
0.498929	1	2	1	-66.5642
0.498929	1	0	1	-67.3431
0.501929	1	2	1	-66.5642
0.501929	1	0	1	-67.3431
0.502	1	0	1	-67.3431
0.502929	1	2	1	-66.5642
0.502929	1	0	1	-67.3431
0.503	1	0	1	-67.3431
0.503929	1	2	1	-66.5642
0.503929	1	0	1	-67.3431
0.506929	1	2	1	-66.5642
0.506929	1	0	1	-67.3431
0.507	1	0	1	-67.3431
0.507929	1	2	1	-66.5642
0.507929	1	0	1	-67.3431
0.508	1	0	1	-67.3431
0.508929	1	2	1	-66.5642
0.508929	1	0	1	-67.3431
0.511929	1	2	1	-66.5642
0.511929	1	0	1	-67.3431
0.512	1	0	1	-67.3431
0.512929	1	2	1	-66.5642
0.512929	1	0	1	-67.3431
0.513	1	0	1	-67.3431
0.513929	1	2	1	-66.5642
0.513929	1	0	1	-67.3431
0.516929	1	2	1	-66.5642
0.516929	1	0	1	-67.3431
0.517	1	0	1	-67.3431
0.517929	1	2	1	-66.5642
0.517929	1	0	1	-67.3431
0.518	1	0	1	-67.3431
0.518929	1	2	1	-66.5642
0.518929	1	0	1	-67.3431
0.521929	1	2	1	-66.5642
0.521929	1	0	1	-67.3431
0.522	1	0	1	-67.3431
0.522929	1	2	1	-66.5642
0.522929	1	0	1	-67.3431
0.523	1	0	1	-67.3431
0.523929	1	2	1	-66.5642
0.523929	1	0	1	-67.3431
0.526929	1	2	1	-66.5642
0.526929	1	0	1	-67.3431
0.527	1	0	1	-67.3431
0.527929	1	2	1	-66.5642
0.527929	1	0	1	-67.3431
0.528	1	0	1	-67.3431
0.528929	1	2	1	-66.5642
0.528929	1	0	1	-67.3431
0.531929	1	2	1	-66.5642
0.531929	1	0	1	-67.3431
0.532	1	0	1	-67.3431
0.532929	1	2	1	-66.5642
0.532929	1	0	1	-67.3431
0.533	1	0	1	-67.3431
0.533929	1	2	1	-66.5642
0.533929	1	0	1	-67.3431
0.536929	1	2	1	-66.5642
0.536929	1	0	1	-67.3431
0.537	1	0	1	-67.3431
0.537929	1	2	1	-66.5642
0.537929	1	0	1	-67.3431
0.538	1	0	1	-67.3431
0.538929	1	2	1	-66.5642
0.538929	1	0	1	-67.3431
0.541929	1	2	1	-66.5642
0.541929	1	0	1	-67.3431
0.542	1	0	1	-67.3431
0.542929	1	2	1	-66.5642
0.542929	1	0	1	-67.3431
0.543	1	0	1	-67.3431
0.543929	1	2	1	-66.5642
0.543929	1	0	1	-67.3431
0.546929	1	2	1	-66.5642
0.546929	1	0	1	-67.3431
0.547	1	0	1	-67.3431
0.547929	1	2	1	-66.5642
0.547929	1	0	1	-67.3431
0.548	1	0	1	-67.3431
0.548929	1	2	1	-66.5642
0.548929	1	0	1	-67.3431
0.551929	1	2	1	-66.5642
0.551929	1	0	1	-67.3431
0.552	1	0	1	-67.3431
0.552857	1	2	1	-66.5642
0.552929	1	0	1	-67.3431
0.552929	1	2	1	-66.5642
0.553	1	0	1	-67.3431
0.553929	1	2	1	-66.5642
0.553929	1	0	1	-67.3431
0.556929	1	2	1	-66.5642
0.556929	1	0	1	-67.3431
0.557	1	0	1	-67.3431
0.557929	1	2	1	-66.5642
0.557929	1	0	1	-67.3431
0.558	1	0	1	-67.3431
0.558929	1	2	1	-66.5642
0.558929	1	0	1	-67.3431
0.561929	1	2	1	-66.5642
0.561929	1	0	1	-67.3431
0.562	1	0	1	-67.3431
0.562929	1	2	1	-66.5642
0.562929	1	0	1	-67.3431
0.563	1	0	1	-67.3431
0.563929	1	2	1	-66.5642
0.563929	1	0	1	-67.3431
0.566929	1	2	1	-66.5642
0.566929	1	0	1	-67.3431
0.567	1	0	1	-67.3431
0.567929	1	2	1	-66.5642
0.567929	1	0	1	-67.3431
0.568	1	0	1	-67.3431
0.568929	1	2	1	-66.5642
0.568929	1	0	1	-67.3431
0.571929	1	2	1	-66.5642
0.571929	1	0	1	-67.3431
0.572	1	0	1	-67.3431
0.572929	1	2	1	-66.5642
0.572929	1	0	1	-67.3431
0.573	1	0	1	-67.3431
0.573929	1	2	1	-66.5642
0.573929	1	0	1	-67.3431
0.576929	1	2	1	-66.5642
0.576929	1	0	1	-67.3431
0.577	1	0	1	-67.3431
0.577929	1	2	1	-66.5642
0.577929	1	0	1	-67.3431
0.578857	1	0	1	-67.3431
0.578929	1	2	1	-66.5642
0.578929	1	0	1	-67.3431
0.581929	1	2	1	-66.5642
0.581929	1	0	1	-67.3431
0.582	1	0	1	-67.3431
0.582929	1	2	1	-66.5642
0.582929	1	0	1	-67.3431
0.583	1	0	1	-67.3431
0.583929	1	2	1	-66.5642
0.583929	1	0	1	-67.3431
0.586929	1	2	1	-66.5642
0.586929	1	0	1	-67.3431
0.587	1	0	1	-67.3431
0.587929	1	2	1	-66.5642
0.587929	1	0	1	-67.3431
0.588	1	0	1	-67.3431
0.588929	1	2	1	-66.5642
0.588929	1	0	1	-67.3431
0.591929	1	2	1	-66.5642
0.591929	1	0	1	-67.3431
0.592	1	0	1	-67.3431
0.592929	1	2	1	-66.5642
0.592929	1	0	1	-67.3431
0.593	1	0	1	-67.3431
0.593929	1	2	1	-66.5642
0.593929	1	0	1	-67.3431
0.596929	1	2	1	-66.5642
0.596929	1	0	1	-67.3431
0.597	1	0	1	-67.3431
0.597929	1	2	1	-66.5642
0.597929	1	0	1	-67.3431
0.598	1	0	1	-67.3431
0.598929	1	2	1	-66.5642
0.598929	1	0	1	-67.3431
0.601929	1	2	1	-66.5642
0.601929	1	0	1	-67.3431
0.602	1	0	1	-67.3431
0.602929	1	2	1	-66.5642
0.602929	1	0	1	-67.3431
0.603	1	0	1	-67.3431
0.603929	1	2	1	-66.5642
0.603929	1	0	1	-67.3431
0.606929	1	2	1	-66.5642
0.606929	1	0	1	-67.3431
0.607	1	0	1	-67.3431
0.607929	1	2	1	-66.5642
0.607929	1	0	1	-67.3431
0.608	1	0	1	-67.3431
0.608929	1	2	1	-66.5642
0.608929	1	0	1	-67.3431
0.611929	1	2	1	-66.5642
0.611929	1	0	1	-67.3431
0.612	1	0	1	-67.3431
0.612929	1	2	1	-66.5642
0.612929	1	0	1	-67.3431
0.613	1	0	1	-67.3431
0.613929	1	2	1	-66.5642
0.613929	1	0	1	-67.3431
0.616929	1	2	1	-66.5642
0.616929	1	0	1	-67.3431
0.617	1	0	1	-67.3431
0.617929	1	2	1	-66.5642
0.617929	1	0	1	-67.3431
0.618	1	0	1	-67.3431
0.618929	1	2	1	-66.5642
0.618929	1	0	1	-67.3431
0.621929	1	2	1	-66.5642
0.621929	1	0	1	-67.3431
0.622	1	0	1	-67.3431
0.622929	1	2	1	-66.5642
0.622929	1	0	1	-67.3431
0.623	1	0	1	-67.3431
0.623929	1	2	1	-66.5642
0.623929	1	0	1	-67.3431
0.626929	1	2	1	-66.5642
0.626929	1	0	1	-67.3431
0.627	1	0	1	-67.3431
0.627929	1	2	1	-66.5642
0.627929	1	0	1	-67.3431
0.628	1	0	1	-67.3431
0.628929	1	2	1	-66.5642
0.628929	1	0	1	-67.3431
0.631929	1	2	1	-66.5642
0.631929	1	0	1	-67.3431
0.632	1	0	1	-67.3431
0.632929	1	2	1	-66.5642
0.632929	1	0	1	-67.3431
0.633	1	0	1	-67.3431
0.633929	1	2	1	-66.5642
0.633929	1	0	1	-67.3431
0.636929	1	2	1	-66.5642
0.636929	1	0	1	-67.3431
0.637	1	0	1	-67.3431
0.637929	1	2	1	-66.5642
0.637929	1	0	1	-67.3431
0.638	1	0	1	-67.3431
0.638929	1	2	1	-66.5642
0.638929	1	0	1	-67.3431
0.641929	1	2	1	-66.5642
0.641929	1	0	1	-67.3431
0.642	1	0	1	-67.3431
0.642929	1	2	1	-66.5642
0.642929	1	0	1	-67.3431
0.643	1	0	1	-67.3431
0.643929	1	2	1	-66.5642
0.643929	1	0	1	-67.3431
0.646929	1	2	1	-66.5642
0.646929	1	0	1	-67.3431
0.647	1	0	1	-67.3431
0.647929	1	2	1	-66.5642
0.647929	1	0	1	-67.3431
0.648	1	0	1	-67.3431
0.648929	1	2	1	-66.5642
0.648929	1	0	1	-67.3431
0.651929	1	2	1	-66.5642
0.651929	1	0	1	-67.3431
0.652	1	0	1	-67.3431
0.652929	1	2	1	-66.5642
0.652929	1	0	1	-67.3431
0.653	1	0	1	-67.3431
0.653929	1	2	1	-66.5642
0.653929	1	0	1	-67.3431
0.656929	1	2	1	-66.5642
0.656929	1	0	1	-67.3431
0.657	1	0	1	-67.3431
0.657929	1	2	1	-66.5642
0.657929	1	0	1	-67.3431
0.658	1	0	1	-67.3431
0.658857	1	1	1	-67.544
0.658929	1	2	1	-66.5642
0.658929	1	0	1	-67.3431
0.661929	1	2	1	-66.5642
0.661929	1	0	1	-67.3431
0.662	1	0	1	-67.3431
0.662929	1	2	1	-66.5642
0.662929	1	0	1	-67.3431
0.663	1	0	1	-67.3431
0.663929	1	2	1	-66.5642
0.663929	1	0	1	-67.3431
0.666929	1	2	1	-66.5642
0.666929	1	0	1	-67.3431
0.667	1	0	1	-67.3431
0.667929	1	2	1	-66.5642
0.667929	1	0	1	-67.3431
0.668	1	0	1	-67.3431
0.668929	1	2	1	-66.5642
0.668929	1	0	1	-67.3431
0.671929	1	2	1	-66.5642
0.671929	1	0	1	-67.3431
0.672	1	0	1	-67.3431
0.672929	1	2	1	-66.5642
0.672929	1	0	1	-67.3431
0.673	1	0	1	-67.3431
0.673929	1	2	1	-66.5642
0.673929	1	0	1	-67.3431
0.676929	1	2	1	-66.5642
0.676929	1	0	1	-67.3431
0.677	1	0	1	-67.3431
0.677929	1	2	1	-66.5642
0.677929	1	0	1	-67.3431
0.678	1	0	1	-67.3431
0.678929	1	2	1	-66.5642
0.678929	1	0	1	-67.3431
0.681929	1	2	1	-66.5642
0.681929	1	0	1	-67.3431
0.682	1	0	1	-67.3431
0.682929	1	2	1	-66.5642
0.682929	1	0	1	-67.3431
0.683	1	0	1	-67.3431
0.683929	1	2	1	-66.5642
0.683929	1	0	1	-67.3431
0.686929	1	2	1	-66.5642
0.686929	1	0	1	-67.3431
0.687	1	0	1	-67.3431
0.687929	1	2	1	-66.5642
0.687929	1	0	1	-67.3431
0.688	1	0	1	-67.3431
0.688929	1	2	1	-66.5642
0.688929	1	0	1	-67.3431
0.691929	1	2	1	-66.5642
0.691929	1	0	1	-67.3431
0.692	1	0	1	-67.3431
0.692929	1	2	1	-66.5642
0.692929	1	0	1	-67.3431
0.693	1	0	1	-67.3431
0.693929	1	2	1	-66.5642
0.693929	1	0	1	-67.3431
0.696929	1	2	1	-66.5642
0.696929	1	0	1	-67.3431
0.697	1	0	1	-67.3431
0.697929	1	2	1	-66.5642
0.697929	1	0	1	-67.3431
0.698	1	0	1	-67.3431
0.698929	1	2	1	-66.5642
0.698929	1	0	1	-67.3431
0.701929	1	2	1	-66.5642
0.701929	1	0	1	-67.3431
0.702	1	0	1	-67.3431
0.702929	1	2	1	-66.5642
0.702929	1	0	1	-67.3431
0.703	1	0	1	-67.3431
0.703929	1	2	1	-66.5642
0.703929	1	0	1	-67.3431
0.706929	1	2	1	-66.5642
0.706929	1	0	1	-67.3431
0.707	1	0	1	-67.3431
0.707929	1	2	1	-66.5642
0.707929	1	0	1	-67.3431
0.708	1	0	1	-67.3431
0.708929	1	2	1	-66.5642
0.708929	1	0	1	-67.3431
0.711929	1	2	1	-66.5642
0.711929	1	0	1	-67.3431
0.712	1	0	1	-67.3431
0.712929	1	2	1	-66.5642
0.712929	1	0	1	-67.3431
0.713	1	0	1	-67.3431
0.713929	1	2	1	-66.5642
0.713929	1	0	1	-67.3431
0.716929	1	2	1	-66.5642
0.716929	1	0	1	-67.3431
0.717	1	0	1	-67.3431
0.717929	1	2	1	-66.5642
0.717929	1	0	1	-67.3431
0.718	1	0	1	-67.3431
0.718929	1	2	1	-66.5642
0.718929	1	0	1	-67.3431
0.721929	1	2	1	-66.5642
0.721929	1	0	1	-67.3431
0.722	1	0	1	-67.3431
0.722929	1	2	1	-66.5642
0.722929	1	0	1	-67.3431
0.723	1	0	1	-67.3431
0.723929	1	2	1	-66.5642
0.723929	1	0	1	-67.3431
0.726929	1	2	1	-66.5642
0.726929	1	0	1	-67.3431
0.727	1	0	1	-67.3431
0.727929	1	2	1	-66.5642
0.727929	1	0	1	-67.3431
0.728	1	0	1	-67.3431
0.728929	1	2	1	-66.5642
0.728929	1	0	1	-67.3431
0.731929	1	2	1	-66.5642
0.731929	1	0	1	-67.3431
0.732	1	0	1	-67.3431
0.732929	1	2	1	-66.5642
0.732929	1	0	1	-67.3431
0.733	1	0	1	-67.3431
0.733929	1	2	1	-66.5642
0.733929	1	0	1	-67.3431
0.736929	1	2	1	-66.5642
0.736929	1	0	1	-67.3431
0.737	1	0	1	-67.3431
0.737929	1	2	1	-66.5642
0.737929	1	0	1	-67.3431
0.738	1	0	1	-67.3431
0.738929	1	2	1	-66.5642
0.738929	1	0	1	-67.3431
0.741929	1	2	1	-66.5642
0.741929	1	0	1	-67.3431
0.742	1	0	1	-67.3431
0.742929	1	2	1	-66.5642
0.742929	1	0	1	-67.3431
0.743	1	0	1	-67.3431
0.743929	1	2	1	-66.5642
0.743929	1	0	1	-67.3431
0.746929	1	2	1	-66.5642
0.746929	1	0	1	-67.3431
0.747	1	0	1	-67.3431
0.747929	1	2	1	-66.5642
0.747929	1	0	1	-67.3431
0.748	1	0	1	-67.3431
0.748929	1	2	1	-66.5642
0.748929	1	0	1	-67.3431
0.751929	1	2	1	-66.5642
0.751929	1	0	1	-67.3431
0.752	1	0	1	-67.3431
0.752857	1	2	1	-66.5642
0.752929	1	0	1	-67.3431
0.752929	1	2	1	-66.5642
0.753	1	0	1	-67.3431
0.753929	1	2	1	-66.5642
0.753929	1	0	1	-67.3431
0.756929	1	2	1	-66.5642
0.756929	1	0	1	-67.3431
0.757	1	0	1	-67.3431
0.757929	1	2	1	-66.5642
0.757929	1	0	1	-67.3431
0.758	1	0	1	-67.3431
0.758929	1	2	1	-66.5642
0.758929	1	0	1	-67.3431
0.761929	1	2	1	-66.5642
0.761929	1	0	1	-67.3431
0.762	1	0	1	-67.3431
0.762929	1	2	1	-66.5642
0.762929	1	0	1	-67.3431
0.763	1	0	1	-67.3431
0.763929	1	2	1	-66.5642
0.763929	1	0	1	-67.3431
0.766929	1	2	1	-66.5642
0.766929	1	0	1	-67.3431
0.767	1	0	1	-67.3431
0.767929	1	2	1	-66.5642
0.767929	1	0	1	-67.3431
0.768	1	0	1	-67.3431
0.768929	1	2	1	-66.5642
0.768929	1	0	1	-67.3431
0.771929	1	2	1	-66.5642
0.771929	1	0	1	-67.3431
0.772	1	0	1	-67.3431
0.772929	1	2	1	-66.5642
0.772929	1	0	1	-67.3431
0.773	1	0	1	-67.3431
0.773929	1	2	1	-66.5642
0.773929	1	0	1	-67.3431
0.776929	1	2	1	-66.5642
0.776929	1	0	1	-67.3431
0.777	1	0	1	-67.3431
0.777929	1	2	1	-66.5642
0.777929	1	0	1	-67.3431
0.778857	1	0	1	-67.3431
0.778929	1	2	1	-66.5642
0.778929	1	0	1	-67.3431
0.781929	1	2	1	-66.5642
0.781929	1	0	1	-67.3431
0.782	1	0	1	-67.3431
0.782929	1	2	1	-66.5642
0.782929	1	0	1	-67.3431
0.783	1	0	1	-67.3431
0.783929	1	2	1	-66.5642
0.783929	1	0	1	-67.3431
0.786929	1	2	1	-66.5642
0.786929	1	0	1	-67.3431
0.787	1	0	1	-67.3431
0.787929	1	2	1	-66.5642
0.787929	1	0	1	-67.3431
0.788	1	0	1	-67.3431
0.788929	1	2	1	-66.5642
0.788929	1	0	1	-67.3431
0.791929	1	2	1	-66.5642
0.791929	1	0	1	-67.3431
0.792	1	0	1	-67.3431
0.792929	1	2	1	-66.5642
0.792929	1	0	1	-67.3431
0.793	1	0	1	-67.3431
0.793929	1	2	1	-66.5642
0.793929	1	0	1	-67.3431
0.796929	1	2	1	-66.5642
0.796929	1	0	1	-67.3431
0.797	1	0	1	-67.3431
0.797929	1	2	1	-66.5642
0.797929	1	0	1	-67.3431
0.798	1	0	1	-67.3431
0.798929	1	2	1	-66.5642
0.798929	1	0	1	-67.3431
0.801929	1	2	1	-66.5642
0.801929	1	0	1	-67.3431
0.802	1	0	1	-67.3431
0.802929	1	2	1	-66.5642
0.802929	1	0	1	-67.3431
0.803	1	0	1	-67.3431
0.803929	1	2	1	-66.5642
0.803929	1	0	1	-67.3431
0.806929	1	2	1	-66.5642
0.806929	1	0	1	-67.3431
0.807	1	0	1	-67.3431
0.807929	1	2	1	-66.5642
0.807929	1	0	1	-67.3431
0.808	1	0	1	-67.3431
0.808929	1	2	1	-66.5642
0.808929	1	0	1	-67.3431
0.811929	1	2	1	-66.5642
0.811929	1	0	1	-67.3431
0.812	1	0	1	-67.3431
0.812929	1	2	1	-66.5642
0.812929	1	0	1	-67.3431
0.813	1	0	1	-67.3431
0.813929	1	2	1	-66.5642
0.813929	1	0	1	-67.3431
0.816929	1	2	1	-66.5642
0.816929	1	0	1	-67.3431
0.817	1	0	1	-67.3431
0.817929	1	2	1	-66.5642
0.817929	1	0	1	-67.3431
0.818	1	0	1	-67.3431
0.818929	1	2	1	-66.5642
0.818929	1	0	1	-67.3431
0.821929	1	2	1	-66.5642
0.821929	1	0	1	-67.3431
0.822	1	0	1	-67.3431
0.822929	1	2	1	-66.5642
0.822929	1	0	1	-67.3431
0.823	1	0	1	-67.3431
0.823929	1	2	1	-66.5642
0.823929	1	0	1	-67.3431
0.826929	1	2	1	-66.5642
0.826929	1	0	1	-67.3431
0.827	1	0	1	-67.3431
0.827929	1	2	1	-66.5642
0.827929	1	0	1	-67.3431
0.828	1	0	1	-67.3431
0.828929	1	2	1	-66.5642
0.828929	1	0	1	-67.3431
0.831929	1	2	1	-66.5642
0.831929	1	0	1	-67.3431
0.832	1	0	1	-67.3431
0.832929	1	2	1	-66.5642
0.832929	1	0	1	-67.3431
0.833	1	0	1	-67.3431
0.833929	1	2	1	-66.5642
0.833929	1	0	1	-67.3431
0.836929	1	2	1	-66.5642
0.836929	1	0	1	-67.3431
0.837	1	0	1	-67.3431
0.837929	1	2	1	-66.5642
0.837929	1	0	1	-67.3431
0.838	1	0	1	-67.3431
0.838929	1	2	1	-66.5642
0.838929	1	0	1	-67.3431
0.841929	1	2	1	-66.5642
0.841929	1	0	1	-67.3431
0.842	1	0	1	-67.3431
0.842929	1	2	1	-66.5642
0.842929	1	0	1	-67.3431
0.843	1	0	1	-67.3431
0.843929	1	2	1	-66.5642
0.843929	1	0	1	-67.3431
0.846929	1	2	1	-66.5642
0.846929	1	0	1	-67.3431
0.847	1	0	1	-67.3431
0.847929	1	2	1	-66.5642
0.847929	1	0	1	-67.3431
0.848	1	0	1	-67.3431
0.848929	1	2	1	-66.5642
0.848929	1	0	1	-67.3431
0.851929	1	2	1	-66.5642
0.851929	1	0	1	-67.3431
0.852	1	0	1	-67.3431
0.852929	1	2	1	-66.5642
0.852929	1	0	1	-67.3431
0.853	1	0	1	-67.3431
0.853929	1	2	1	-66.5642
0.853929	1	0	1	-67.3431
0.856929	1	2	1	-66.5642
0.856929	1	0	1	-67.3431
0.857	1	0	1	-67.3431
0.857929	1	2	1	-66.5642
0.857929	1	0	1	-67.3431
0.858	1	0	1	-67.3431
0.858857	1	1	1	-67.544
0.858929	1	2	1	-66.5642
0.858929	1	0	1	-67.3431
0.861929	1	2	1	-66.5642
0.861929	1	0	1	-67.3431
0.862	1	0	1	-67.3431
0.862929	1	2	1	-66.5642
0.862929	1	0	1	-67.3431
0.863	1	0	1	-67.3431
0.863929	1	2	1	-66.5642
0.863929	1	0	1	-67.3431
0.866929	1	2	1	-66.5642
0.866929	1	0	1	-67.3431
0.867	1	0	1	-67.3431
0.867929	1	2	1	-66.5642
0.867929	1	0	1	-67.3431
0.868	1	0	1	-67.3431
0.868929	1	2	1	-66.5642
0.868929	1	0	1	-67.3431
0.871929	1	2	1	-66.5642
0.871929	1	0	1	-67.3431
0.872	1	0	1	-67.3431
0.872929	1	2	1	-66.5642
0.872929	1	0	1	-67.3431
0.873	1	0	1	-67.3431
0.873929	1	2	1	-66.5642
0.873929	1	0	1	-67.3431
0.876929	1	2	1	-66.5642
0.876929	1	0	1	-67.3431
0.877	1	0	1	-67.3431
0.877929	1	2	1	-66.5642
0.877929	1	0	1	-67.3431
0.878	1	0	1	-67.3431
0.878929	1	2	1	-66.5642
0.878929	1	0	1	-67.3431
0.881929	1	2	1	-66.5642
0.881929	1	0	1	-67.3431
0.882	1	0	1	-67.3431
0.882929	1	2	1	-66.5642
0.882929	1	0	1	-67.3431
0.883	1	0	1	-67.3431
0.883929	1	2	1	-66.5642
0.883929	1	0	1	-67.3431
0.886929	1	2	1	-66.5642
0.886929	1	0	1	-67.3431
0.887	1	0	1	-67.3431
0.887929	1	2	1	-66.5642
0.887929	1	0	1	-67.3431
0.888	1	0	1	-67.3431
0.888929	1	2	1	-66.5642
0.888929	1	0	1	-67.3431
0.891929	1	2	1	-66.5642
0.891929	1	0	1	-67.3431
0.892	1	0	1	-67.3431
0.892929	1	2	1	-66.5642
0.892929	1	0	1	-67.3431
0.893	1	0	1	-67.3431
0.893929	1	2	1	-66.5642
0.893929	1	0	1	-67.3431
0.896929	1	2	1	-66.5642
0.896929	1	0	1	-67.3431
0.897	1	0	1	-67.3431
0.897929	1	2	1	-66.5642
0.897929	1	0	1	-67.3431
0.898	1	0	1	-67.3431
0.898929	1	2	1	-66.5642
0.898929	1	0	1	-67.3431
0.901929	1	2	1	-66.5642
0.901929	1	0	1	-67.3431
0.902	1	0	1	-67.3431
0.902929	1	2	1	-66.5642
0.902929	1	0	1	-67.3431
0.903	1	0	1	-67.3431
0.903929	1	2	1	-66.5642
0.903929	1	0	1	-67.3431
0.906929	1	2	1	-66.5642
0.906929	1	0	1	-67.3431
0.907	1	0	1	-67.3431
0.907929	1	2	1	-66.5642
0.907929	1	0	1	-67.3431
0.908	1	0	1	-67.3431
0.908929	1	2	1	-66.5642
0.908929	1	0	1	-67.3431
0.911929	1	2	1	-66.5642
0.911929	1	0	1	-67.3431
0.912	1	0	1	-67.3431
0.912929	1	2	1	-66.5642
0.912929	1	0	1	-67.3431
0.913	1	0	1	-67.3431
0.913929	1	2	1	-66.5642
0.913929	1	0	1	-67.3431
0.916929	1	2	1	-66.5642
0.916929	1	0	1	-67.3431
0.917	1	0	1	-67.3431
0.917929	1	2	1	-66.5642
0.917929	1	0	1	-67.3431
0.918	1	0	1	-67.3431
0.918929	1	2	1	-66.5642
0.918929	1	0	1	-67.3431
0.921929	1	2	1	-66.5642
0.921929	1	0	1	-67.3431
0.922	1	0	1	-67.3431
0.922929	1	2	1	-66.5642
0.922929	1	0	1	-67.3431
0.923	1	0	1	-67.3431
0.923929	1	2	1	-66.5642
0.923929	1	0	1	-67.3431
0.926929	1	2	1	-66.5642
0.926929	1	0	1	-67.3431
0.927	1	0	1	-67.3431
0.927929	1	2	1	-66.5642
0.927929	1	0	1	-67.3431
0.928	1	0	1	-67.3431
0.928929	1	2	1	-66.5642
0.928929	1	0	1	-67.3431
0.931929	1	2	1	-66.5642
0.931929	1	0	1	-67.3431
0.932	1	0	1	-67.3431
0.932929	1	2	1	-66.5642
0.932929	1	0	1	-67.3431
0.933	1	0	1	-67.3431
0.933929	1	2	1	-66.5642
0.933929	1	0	1	-67.3431
0.936929	1	2	1	-66.5642
0.936929	1	0	1	-67.3431
0.937	1	0	1	-67.3431
0.937929	1	2	1	-66.5642
0.937929	1	0	1	-67.3431
0.938	1	0	1	-67.3431
0.938929	1	2	1	-66.5642
0.938929	1	0	1	-67.3431
0.941929	1	2	1	-66.5642
0.941929	1	0	1	-67.3431
0.942	1	0	1	-67.3431
0.942929	1	2	1	-66.5642
0.942929	1	0	1	-67.3431
0.943	1	0	1	-67.3431
0.943929	1	2	1	-66.5642
0.943929	1	0	1	-67.3431
0.946929	1	2	1	-66.5642
0.946929	1	0	1	-67.3431
0.947	1	0	1	-67.3431
0.947929	1	2	1	-66.5642
0.947929	1	0	1	-67.3431
0.948	1	0	1	-67.3431
0.948929	1	2	1	-66.5642
0.948929	1	0	1	-67.3431
0.951929	1	2	1	-66.5642
0.951929	1	0	1	-67.3431
0.952	1	0	1	-67.3431
0.952857	1	2	1	-66.5642
0.952929	1	0	1	-67.3431
0.952929	1	2	1	-66.5642
0.953	1	0	1	-67.3431
0.953929	1	2	1	-66.5642
0.953929	1	0	1	-67.3431
0.956929	1	2	1	-66.5642
0.956929	1	0	1	-67.3431
0.957	1	0	1	-67.3431
0.957929	1	2	1	-66.5642
0.957929	1	0	1	-67.3431
0.958	1	0	1	-67.3431
0.958929	1	2	1	-66.5642
0.958929	1	0	1	-67.3431
0.961929	1	2	1	-66.5642
0.961929	1	0	1	-67.3431
0.962	1	0	1	-67.3431
0.962929	1	2	1	-66.5642
0.962929	1	0	1	-67.3431
0.963	1	0	1	-67.3431
0.963929	1	2	1	-66.5642
0.963929	1	0	1	-67.3431
0.966929	1	2	1	-66.5642
0.966929	1	0	1	-67.3431
0.967	1	0	1	-67.3431
0.967929	1	2	1	-66.5642
0.967929	1	0	1	-67.3431
0.968	1	0	1	-67.3431
0.968929	1	2	1	-66.5642
0.968929	1	0	1	-67.3431
0.971929	1	2	1	-66.5642
0.971929	1	0	1	-67.3431
0.972	1	0	1	-67.3431
0.972929	1	2	1	-66.5642
0.972929	1	0	1	-67.3431
0.973	1	0	1	-67.3431
0.973929	1	2	1	-66.5642
0.973929	1	0	1	-67.3431
0.976929	1	2	1	-66.5642
0.976929	1	0	1	-67.3431
0.977	1	0	1	-67.3431
0.977929	1	2	1	-66.5642
0.977929	1	0	1	-67.3431
0.978857	1	0	1	-67.3431
0.978929	1	2	1	-66.5642
0.978929	1	0	1	-67.3431
0.981929	1	2	1	-66.5642
0.981929	1	0	1	-67.3431
0.982	1	0	1	-67.3431
0.982929	1	2	1	-66.5642
0.982929	1	0	1	-67.3431
0.983	1	0	1	-67.3431
0.983929	1	2	1	-66.5642
0.983929	1	0	1	-67.3431
0.986929	1	2	1	-66.5642
0.986929	1	0	1	-67.3431
0.987	1	0	1	-67.3431
0.987929	1	2	1	-66.5642
0.987929	1	0	1	-67.3431
0.988	1	0	1	-67.3431
0.988929	1	2	1	-66.5642
0.988929	1	0	1	-67.3431
0.991929	1	2	1	-66.5642
0.991929	1	0	1	-67.3431
0.992	1	0	1	-67.3431
0.992929	1	2	1	-66.5642
0.992929	1	0	1	-67.3431
0.993	1	0	1	-67.3431
0.993929	1	2	1	-66.5642
0.993929	1	0	1	-67.3431
0.996929	1	2	1	-66.5642
0.996929	1	0	1	-67.3431
0.997	1	0	1	-67.3431
0.997929	1	2	1	-66.5642
0.997929	1	0	1	-67.3431
0.998	1	0	1	-67.3431
0.998929	1	2	1	-66.5642
0.998929	1	0	1	-67.3431
1.00193	1	2	1	-66.5642
1.00193	1	0	1	-67.3431
1.002	1	0	1	-67.3431
1.00293	1	2	1	-66.5642
1.00293	1	0	1	-67.3431
1.003	1	0	1	-67.3431
1.00393	1	2	1	-66.5642
1.00393	1	0	1	-67.3431
1.00693	1	2	1	-66.5642
1.00693	1	0	1	-67.3431
1.007	1	0	1	-67.3431
1.00793	1	2	1	-66.5642
1.00793	1	0	1	-67.3431
1.008	1	0	1	-67.3431
1.00893	1	2	1	-66.5642
1.00893	1	0	1	-67.3431
1.01193	1	2	1	-66.5642
1.01193	1	0	1	-67.3431
1.012	1	0	1	-67.3431
1.01293	1	2	1	-66.5642
1.01293	1	0	1	-67.3431
1.013	1	0	1	-67.3431
1.01393	1	2	1	-66.5642
1.01393	1	0	1	-67.3431
1.01693	1	2	1	-66.5642
1.01693	1	0	1	-67.3431
1.017	1	0	1	-67.3431
1.01793	1	2	1	-66.5642
1.01793	1	0	1	-67.3431
1.018	1	0	1	-67.3431
1.01893	1	2	1	-66.5642
1.01893	1	0	1	-67.3431
1.02193	1	2	1	-66.5642
1.02193	1	0	1	-67.3431
1.022	1	0	1	-67.3431
1.02293	1	2	1	-66.5642
1.02293	1	0	1	-67.3431
1.023	1	0	1	-67.3431
1.02393	1	2	1	-66.5642
1.02393	1	0	1	-67.3431
1.02693	1	2	1	-66.5642
1.02693	1	0	1	-67.3431
1.027	1	0	1	-67.3431
1.02793	1	2	1	-66.5642
1.02793	1	0	1	-67.3431
1.028	1	0	1	-67.3431
1.02893	1	2	1	-66.5642
1.02893	1	0	1	-67.3431
1.03193	1	2	1	-66.5642
1.03193	1	0	1	-67.3431
1.032	1	0	1	-67.3431
1.03293	1	2	1	-66.5642
1.03293	1	0	1	-67.3431
1.033	1	0	1	-67.3431
1.03393	1	2	1	-66.5642
1.03393	1	0	1	-67.3431
1.03693	1	2	1	-66.5642
1.03693	1	0	1	-67.3431
1.037	1	0	1	-67.3431
1.03793	1	2	1	-66.5642
1.03793	1	0	1	-67.3431
1.038	1	0	1	-67.3431
1.03893	1	2	1	-66.5642
1.03893	1	0	1	-67.3431
1.04193	1	2	1	-66.5642
1.04193	1	0	1	-67.3431
1.042	1	0	1	-67.3431
1.04293	1	2	1	-66.5642
1.04293	1	0	1	-67.3431
1.043	1	0	1	-67.3431
1.04393	1	2	1	-66.5642
1.04393	1	0	1	-67.3431
1.04693	1	2	1	-66.5642
1.04693	1	0	1	-67.3431
1.047	1	0	1	-67.3431
1.04793	1	2	1	-66.5642
1.04793	1	0	1	-67.3431
1.048	1	0	1	-67.3431
1.04893	1	2	1	-66.5642
1.04893	1	0	1	-67.3431
1.05193	1	2	1	-66.5642
1.05193	1	0	1	-67.3431
1.052	1	0	1	-67.3431
1.05293	1	2	1	-66.5642
1.05293	1	0	1	-67.3431
1.053	1	0	1	-67.3431
1.05393	1	2	1	-66.5642
1.05393	1	0	1	-67.3431
1.05693	1	2	1	-66.5642
1.05693	1	0	1	-67.3431
1.057	1	0	1	-67.3431
1.05793	1	2	1	-66.5642
1.05793	1	0	1	-67.3431
1.058	1	0	1	-67.3431
1.05886	1	1	1	-67.544
1.05893	1	2	1	-66.5642
1.05893	1	0	1	-67.3431
1.06193	1	2	1	-66.5642
1.06193	1	0	1	-67.3431
1.062	1	0	1	-67.3431
1.06293	1	2	1	-66.5642
1.06293	1	0	1	-67.3431
1.063	1	0	1	-67.3431
1.06393	1	2	1	-66.5642
1.06393	1	0	1	-67.3431
1.06693	1	2	1	-66.5642
1.06693	1	0	1	-67.3431
1.067	1	0	1	-67.3431
1.06793	1	2	1	-66.5642
1.06793	1	0	1	-67.3431
1.068	1	0	1	-67.3431
1.06893	1	2	1	-66.5642
1.06893	1	0	1	-67.3431
1.07193	1	2	1	-66.5642
1.07193	1	0	1	-67.3431
1.072	1	0	1	-67.3431
1.07293	1	2	1	-66.5642
1.07293	1	0	1	-67.3431
1.073	1	0	1	-67.3431
1.07393	1	2	1	-66.5642
1.07393	1	0	1	-67.3431
1.07693	1	2	1	-66.5642
1.07693	1	0	1	-67.3431
1.077	1	0	1	-67.3431
1.07793	1	2	1	-66.5642
1.07793	1	0	1	-67.3431
1.078	1	0	1	-67.3431
1.07893	1	2	1	-66.5642
1.07893	1	0	1	-67.3431
1.08193	1	2	1	-66.5642
1.08193	1	0	1	-67.3431
1.082	1	0	1	-67.3431
1.08293	1	2	1	-66.5642
1.08293	1	0	1	-67.3431
1.083	1	0	1	-67.3431
1.08393	1	2	1	-66.5642
1.08393	1	0	1	-67.3431
1.08693	1	2	1	-66.5642
1.08693	1	0	1	-67.3431
1.087	1	0	1	-67.3431
1.08793	1	2	1	-66.5642
1.08793	1	0	1	-67.3431
1.088	1	0	1	-67.3431
1.08893	1	2	1	-66.5642
1.08893	1	0	1	-67.3431
1.09193	1	2	1	-66.5642
1.09193	1	0	1	-67.3431
1.092	1	0	1	-67.3431
1.09293	1	2	1	-66.5642
1.09293	1	0	1	-67.3431
1.093	1	0	1	-67.3431
1.09393	1	2	1	-66.5642
1.09393	1	0	1	-67.3431
1.09693	1	2	1	-66.5642
1.09693	1	0	1	-67.3431
1.097	1	0	1	-67.3431
1.09793	1	2	1	-66.5642
1.09793	1	0	1	-67.3431
1.098	1	0	1	-67.3431
1.09893	1	2	1	-66.5642
1.09893	1	0	1	-67.3431
1.10193	1	2	1	-66.5642
1.10193	1	0	1	-67.3431
1.102	1	0	1	-67.3431
1.10293	1	2	1	-66.5642
1.10293	1	0	1	-67.3431
1.103	1	0	1	-67.3431
1.10393	1	2	1	-66.5642
1.10393	1	0	1	-67.3431
1.10693	1	2	1	-66.5642
1.10693	1	0	1	-67.3431
1.107	1	0	1	-67.3431
1.10793	1	2	1	-66.5642
1.10793	1	0	1	-67.3431
1.108	1	0	1	-67.3431
1.10893	1	2	1	-66.5642
1.10893	1	0	1	-67.3431
1.11193	1	2	1	-66.5642
1.11193	1	0	1	-67.3431
1.112	1	0	1	-67.3431
1.11293	1	2	1	-66.5642
1.11293	1	0	1	-67.3431
1.113	1	0	1	-67.3431
1.11393	1	2	1	-66.5642
1.11393	1	0	1	-67.3431
1.11693	1	2	1	-66.5642
1.11693	1	0	1	-67.3431
1.117	1	0	1	-67.3431
1.11793	1	2	1	-66.5642
1.11793	1	0	1	-67.3431
1.118	1	0	1	-67.3431
1.11893	1	2	1	-66.5642
1.11893	1	0	1	-67.3431
1.12193	1	2	1	-66.5642
1.12193	1	0	1	-67.3431
1.122	1	0	1	-67.3431
1.12293	1	2	1	-66.5642
1.12293	1	0	1	-67.3431
1.123	1	0	1	-67.3431
1.12393	1	2	1	-66.5642
1.12393	1	0	1	-67.3431
1.12693	1	2	1	-66.5642
1.12693	1	0	1	-67.3431
1.127	1	0	1	-67.3431
1.12793	1	2	1	-66.5642
1.12793	1	0	1	-67.3431
1.128	1	0	1	-67.3431
1.12893	1	2	1	-66.5642
1.12893	1	0	1	-67.3431
1.13193	1	2	1	-66.5642
1.13193	1	0	1	-67.3431
1.132	1	0	1	-67.3431
1.13293	1	2	1	-66.5642
1.13293	1	0	1	-67.3431
1.133	1	0	1	-67.3431
1.13393	1	2	1	-66.5642
1.13393	1	0	1	-67.3431
1.13693	1	2	1	-66.5642
1.13693	1	0	1	-67.3431
1.137	1	0	1	-67.3431
1.13793	1	2	1	-66.5642
1.13793	1	0	1	-67.3431
1.138	1	0	1	-67.3431
1.13893	1	2	1	-66.5642
1.13893	1	0	1	-67.3431
1.14193	1	2	1	-66.5642
1.14193	1	0	1	-67.3431
1.142	1	0	1	-67.3431
1.14293	1	2	1	-66.5642
1.14293	1	0	1	-67.3431
1.143	1	0	1	-67.3431
1.14393	1	2	1	-66.5642
1.14393	1	0	1	-67.3431
1.14693	1	2	1	-66.5642
1.14693	1	0	1	-67.3431
1.147	1	0	1	-67.3431
1.14793	1	2	1	-66.5642
1.14793	1	0	1	-67.3431
1.148	1	0	1	-67.3431
1.14893	1	2	1	-66.5642
1.14893	1	0	1	-67.3431
1.15193	1	2	1	-66.5642
1.15193	1	0	1	-67.3431
1.152	1	0	1	-67.3431
1.15286	1	2	1	-66.5642
1.15293	1	0	1	-67.3431
1.15293	1	2	1	-66.5642
1.153	1	0	1	-67.3431
1.15393	1	2	1	-66.5642
1.15393	1	0	1	-67.3431
1.15693	1	2	1	-66.5642
1.15693	1	0	1	-67.3431
1.157	1	0	1	-67.3431
1.15793	1	2	1	-66.5642
1.15793	1	0	1	-67.3431
1.158	1	0	1	-67.3431
1.15893	1	2	1	-66.5642
1.15893	1	0	1	-67.3431
1.16193	1	2	1	-66.5642
1.16193	1	0	1	-67.3431
1.162	1	0	1	-67.3431
1.16293	1	2	1	-66.5642
1.16293	1	0	1	-67.3431
1.163	1	0	1	-67.3431
1.16393	1	2	1	-66.5642
1.16393	1	0	1	-67.3431
1.16693	1	2	1	-66.5642
1.16693	1	0	1	-67.3431
1.167	1	0	1	-67.3431
1.16793	1	2	1	-66.5642
1.16793	1	0	1	-67.3431
1.168	1	0	1	-67.3431
1.16893	1	2	1	-66.5642
1.16893	1	0	1	-67.3431
1.17193	1	2	1	-66.5642
1.17193	1	0	1	-67.3431
1.172	1	0	1	-67.3431
1.17293	1	2	1	-66.5642
1.17293	1	0	1	-67.3431
1.173	1	0	1	-67.3431
1.17393	1	2	1	-66.5642
1.17393	1	0	1	-67.3431
1.17693	1	2	1	-66.5642
1.17693	1	0	1	-67.3431
1.177	1	0	1	-67.3431
1.17793	1	2	1	-66.5642
1.17793	1	0	1	-67.3431
1.17886	1	0	1	-67.3431
1.17893	1	2	1	-66.5642
1.17893	1	0	1	-67.3431
1.18193	1	2	1	-66.5642
1.18193	1	0	1	-67.3431
1.182	1	0	1	-67.3431
1.18293	1	2	1	-66.5642
1.18293	1	0	1	-67.3431
1.183	1	0	1	-67.3431
1.18393	1	2	1	-66.5642
1.18393	1	0	1	-67.3431
1.18693	1	2	1	-66.5642
1.18693	1	0	1	-67.3431
1.187	1	0	1	-67.3431
1.18793	1	2	1	-66.5642
1.18793	1	0	1	-67.3431
1.188	1	0	1	-67.3431
1.18893	1	2	1	-66.5642
1.18893	1	0	1	-67.3431
1.19193	1	2	1	-66.5642
1.19193	1	0	1	-67.3431
1.192	1	0	1	-67.3431
1.19293	1	2	1	-66.5642
1.19293	1	0	1	-67.3431
1.193	1	0	1	-67.3431
1.19393	1	2	1	-66.5642
1.19393	1	0	1	-67.3431
1.19693	1	2	1	-66.5642
1.19693	1	0	1	-67.3431
1.197	1	0	1	-67.3431
1.19793	1	2	1	-66.5642
1.19793	1	0	1	-67.3431
1.198	1	0	1	-67.3431
1.19893	1	2	1	-66.5642
1.19893	1	0	1	-67.3431
1.20193	1	2	1	-66.5642
1.20193	1	0	1	-67.3431
1.202	1	0	1	-67.3431
1.20293	1	2	1	-66.5642
1.20293	1	0	1	-67.3431
1.203	1	0	1	-67.3431
1.20393	1	2	1	-66.5642
1.20393	1	0	1	-67.3431
1.20693	1	2	1	-66.5642
1.20693	1	0	1	-67.3431
1.207	1	0	1	-67.3431
1.20793	1	2	1	-66.5642
1.20793	1	0	1	-67.3431
1.208	1	0	1	-67.3431
1.20893	1	2	1	-66.5642
1.20893	1	0	1	-67.3431
1.21193	1	2	1	-66.5642
1.21193	1	0	1	-67.3431
1.212	1	0	1	-67.3431
1.21293	1	2	1	-66.5642
1.21293	1	0	1	-67.3431
1.213	1	0	1	-67.3431
1.21393	1	2	1	-66.5642
1.21393	1	0	1	-67.3431
1.21693	1	2	1	-66.5642
1.21693	1	0	1	-67.3431
1.217	1	0	1	-67.3431
1.21793	1	2	1	-66.5642
1.21793	1	0	1	-67.3431
1.218	1	0	1	-67.3431
1.21893	1	2	1	-66.5642
1.21893	1	0	1	-67.3431
1.22193	1	2	1	-66.5642
1.22193	1	0	1	-67.3431
1.222	1	0	1	-67.3431
1.22293	1	2	1	-66.5642
1.22293	1	0	1	-67.3431
1.223	1	0	1	-67.3431
1.22393	1	2	1	-66.5642
1.22393	1	0	1	-67.3431
1.22693	1	2	1	-66.5642
1.22693	1	0	1	-67.3431
1.227	1	0	1	-67.3431
1.22793	1	2	1	-66.5642
1.22793	1	0	1	-67.3431
1.228	1	0	1	-67.3431
1.22893	1	2	1	-66.5642
1.22893	1	0	1	-67.3431
1.23193	1	2	1	-66.5642
1.23193	1	0	1	-67.3431
1.232	1	0	1	-67.3431
1.23293	1	2	1	-66.5642
1.23293	1	0	1	-67.3431
1.233	1	0	1	-67.3431
1.23393	1	2	1	-66.5642
1.23393	1	0	1	-67.3431
1.23693	1	2	1	-66.5642
1.23693	1	0	1	-67.3431
1.237	1	0	1	-67.3431
1.23793	1	2	1	-66.5642
1.23793	1	0	1	-67.3431
1.238	1	0	1	-67.3431
1.23893	1	2	1	-66.5642
1.23893	1	0	1	-67.3431
1.24193	1	2	1	-66.5642
1.24193	1	0	1	-67.3431
1.242	1	0	1	-67.3431
1.24293	1	2	1	-66.5642
1.24293	1	0	1	-67.3431
1.243	1	0	1	-67.3431
1.24393	1	2	1	-66.5642
1.24393	1	0	1	-67.3431
1.24693	1	2	1	-66.5642
1.24693	1	0	1	-67.3431
1.247	1	0	1	-67.3431
1.24793	1	2	1	-66.5642
1.24793	1	0	1	-67.3431
1.248	1	0	1	-67.3431
1.24893	1	2	1	-66.5642
1.24893	1	0	1	-67.3431
1.25193	1	2	1	-66.5642
1.25193	1	0	1	-67.3431
1.252	1	0	1	-67.3431
1.25293	1	2	1	-66.5642
1.25293	1	0	1	-67.3431
1.253	1	0	1	-67.3431
1.25393	1	2	1	-66.5642
1.25393	1	0	1	-67.3431
1.25693	1	2	1	-66.5642
1.25693	1	0	1	-67.3431
1.257	1	0	1	-67.3431
1.25793	1	2	1	-66.5642
1.25793	1	0	1	-67.3431
1.258	1	0	1	-67.3431
1.25886	1	1	1	-67.544
1.25893	1	2	1	-66.5642
1.25893	1	0	1	-67.3431
1.26193	1	2	1	-66.5642
1.26193	1	0	1	-67.3431
1.262	1	0	1	-67.3431
1.26293	1	2	1	-66.5642
1.26293	1	0	1	-67.3431
1.263	1	0	1	-67.3431
1.26393	1	2	1	-66.5642
1.26393	1	0	1	-67.3431
1.26693	1	2	1	-66.5642
1.26693	1	0	1	-67.3431
1.267	1	0	1	-67.3431
1.26793	1	2	1	-66.5642
1.26793	1	0	1	-67.3431
1.268	1	0	1	-67.3431
1.26893	1	2	1	-66.5642
1.26893	1	0	1	-67.3431
1.27193	1	2	1	-66.5642
1.27193	1	0	1	-67.3431
1.272	1	0	1	-67.3431
1.27293	1	2	1	-66.5642
1.27293	1	0	1	-67.3431
1.273	1	0	1	-67.3431
1.27393	1	2	1	-66.5642
1.27393	1	0	1	-67.3431
1.27693	1	2	1	-66.5642
1.27693	1	0	1	-67.3431
1.277	1	0	1	-67.3431
1.27793	1	2	1	-66.5642
1.27793	1	0	1	-67.3431
1.278	1	0	1	-67.3431
1.27893	1	2	1	-66.5642
1.27893	1	0	1	-67.3431
1.28193	1	2	1	-66.5642
1.28193	1	0	1	-67.3431
1.282	1	0	1	-67.3431
1.28293	1	2	1	-66.5642
1.28293	1	0	1	-67.3431
1.283	1	0	1	-67.3431
1.28393	1	2	1	-66.5642
1.28393	1	0	1	-67.3431
1.28693	1	2	1	-66.5642
1.28693	1	0	1	-67.3431
1.287	1	0	1	-67.3431
1.28793	1	2	1	-66.5642
1.28793	1	0	1	-67.3431
1.288	1	0	1	-67.3431
1.28893	1	2	1	-66.5642
1.28893	1	0	1	-67.3431
1.29193	1	2	1	-66.5642
1.29193	1	0	1	-67.3431
1.292	1	0	1	-67.3431
1.29293	1	2	1	-66.5642
1.29293	1	0	1	-67.3431
1.293	1	0	1	-67.3431
1.29393	1	2	1	-66.5642
1.29393	1	0	1	-67.3431
1.29693	1	2	1	-66.5642
1.29693	1	0	1	-67.3431
1.297	1	0	1	-67.3431
1.29793	1	2	1	-66.5642
1.29793	1	0	1	-67.3431
1.298	1	0	1	-67.3431
1.29893	1	2	1	-66.5642
1.29893	1	0	1	-67.3431
1.30193	1	2	1	-66.5642
1.30193	1	0	1	-67.3431
1.302	1	0	1	-67.3431
1.30293	1	2	1	-66.5642
1.30293	1	0	1	-67.3431
1.303	1	0	1	-67.3431
1.30393	1	2	1	-66.5642
1.30393	1	0	1	-67.3431
1.30693	1	2	1	-66.5642
1.30693	1	0	1	-67.3431
1.307	1	0	1	-67.3431
1.30793	1	2	1	-66.5642
1.30793	1	0	1	-67.3431
1.308	1	0	1	-67.3431
1.30893	1	2	1	-66.5642
1.30893	1	0	1	-67.3431
1.31193	1	2	1	-66.5642
1.31193	1	0	1	-67.3431
1.312	1	0	1	-67.3431
1.31293	1	2	1	-66.5642
1.31293	1	0	1	-67.3431
1.313	1	0	1	-67.3431
1.31393	1	2	1	-66.5642
1.31393	1	0	1	-67.3431
1.31693	1	2	1	-66.5642
1.31693	1	0	1	-67.3431
1.317	1	0	1	-67.3431
1.31793	1	2	1	-66.5642
1.31793	1	0	1	-67.3431
1.318	1	0	1	-67.3431
1.31893	1	2	1	-66.5642
1.31893	1	0	1	-67.3431
1.32193	1	2	1	-66.5642
1.32193	1	0	1	-67.3431
1.322	1	0	1	-67.3431
1.32293	1	2	1	-66.5642
1.32293	1	0	1	-67.3431
1.323	1	0	1	-67.3431
1.32393	1	2	1	-66.5642
1.32393	1	0	1	-67.3431
1.32693	1	2	1	-66.5642
1.32693	1	0	1	-67.3431
1.327	1	0	1	-67.3431
1.32793	1	2	1	-66.5642
1.32793	1	0	1	-67.3431
1.328	1	0	1	-67.3431
1.32893	1	2	1	-66.5642
1.32893	1	0	1	-67.3431
1.33193	1	2	1	-66.5642
1.33193	1	0	1	-67.3431
1.332	1	0	1	-67.3431
1.33293	1	2	1	-66.5642
1.33293	1	0	1	-67.3431
1.333	1	0	1	-67.3431
1.33393	1	2	1	-66.5642
1.33393	1	0	1	-67.3431
1.33693	1	2	1	-66.5642
1.33693	1	0	1	-67.3431
1.337	1	0	1	-67.3431
1.33793	1	2	1	-66.5642
1.33793	1	0	1	-67.3431
1.338	1	0	1	-67.3431
1.33893	1	2	1	-66.5642
1.33893	1	0	1	-67.3431
1.34193	1	2	1	-66.5642
1.34193	1	0	1	-67.3431
1.342	1	0	1	-67.3431
1.34293	1	2	1	-66.5642
1.34293	1	0	1	-67.3431
1.343	1	0	1	-67.3431
1.34393	1	2	1	-66.5642
1.34393	1	0	1	-67.3431
1.34693	1	2	1	-66.5642
1.34693	1	0	1	-67.3431
1.347	1	0	1	-67.3431
1.34793	1	2	1	-66.5642
1.34793	1	0	1	-67.3431
1.348	1	0	1	-67.3431
1.34893	1	2	1	-66.5642
1.34893	1	0	1	-67.3431
1.35193	1	2	1	-66.5642
1.35193	1	0	1	-67.3431
1.352	1	0	1	-67.3431
1.35286	1	2	1	-66.5642
1.35293	1	0	1	-67.3431
1.35293	1	2	1	-66.5642
1.353	1	0	1	-67.3431
1.35393	1	2	1	-66.5642
1.35393	1	0	1	-67.3431
1.35693	1	2	1	-66.5642
1.35693	1	0	1	-67.3431
1.357	1	0	1	-67.3431
1.35793	1	2	1	-66.5642
1.35793	1	0	1	-67.3431
1.358	1	0	1	-67.3431
1.35893	1	2	1	-66.5642
1.35893	1	0	1	-67.3431
1.36193	1	2	1	-66.5642
1.36193	1	0	1	-67.3431
1.362	1	0	1	-67.3431
1.36293	1	2	1	-66.5642
1.36293	1	0	1	-67.3431
1.363	1	0	1	-67.3431
1.36393	1	2	1	-66.5642
1.36393	1	0	1	-67.3431
1.36693	1	2	1	-66.5642
1.36693	1	0	1	-67.3431
1.367	1	0	1	-67.3431
1.36793	1	2	1	-66.5642
1.36793	1	0	1	-67.3431
1.368	1	0	1	-67.3431
1.36893	1	2	1	-66.5642
1.36893	1	0	1	-67.3431
1.37193	1	2	1	-66.5642
1.37193	1	0	1	-67.3431
1.372	1	0	1	-67.3431
1.37293	1	2	1	-66.5642
1.37293	1	0	1	-67.3431
1.373	1	0	1	-67.3431
1.37393	1	2	1	-66.5642
1.37393	1	0	1	-67.3431
1.37693	1	2	1	-66.5642
1.37693	1	0	1	-67.3431
1.377	1	0	1	-67.3431
1.37793	1	2	1	-66.5642
1.37793	1	0	1	-67.3431
1.37886	1	0	1	-67.3431
1.37893	1	2	1	-66.5642
1.37893	1	0	1	-67.3431
1.38193	1	2	1	-66.5642
1.38193	1	0	1	-67.3431
1.382	1	0	1	-67.3431
1.38293	1	2	1	-66.5642
1.38293	1	0	1	-67.3431
1.383	1	0	1	-67.3431
1.38393	1	2	1	-66.5642
1.38393	1	0	1	-67.3431
1.38693	1	2	1	-66.5642
1.38693	1	0	1	-67.3431
1.387	1	0	1	-67.3431
1.38793	1	2	1	-66.5642
1.38793	1	0	1	-67.3431
1.388	1	0	1	-67.3431
1.38893	1	2	1	-66.5642
1.38893	1	0	1	-67.3431
1.39193	1	2	1	-66.5642
1.39193	1	0	1	-67.3431
1.392	1	0	1	-67.3431
1.39293	1	2	1	-66.5642
1.39293	1	0	1	-67.3431
1.393	1	0	1	-67.3431
1.39393	1	2	1	-66.5642
1.39393	1	0	1	-67.3431
1.39693	1	2	1	-66.5642
1.39693	1	0	1	-67.3431
1.397	1	0	1	-67.3431
1.39793	1	2	1	-66.5642
1.39793	1	0	1	-67.3431
1.398	1	0	1	-67.3431
1.39893	1	2	1	-66.5642
1.39893	1	0	1	-67.3431
