1	1.05	0	0	0	-nan
1	1.1	1260	1	52	-nan
2	1.1	0	0	0	-nan
1	1.15	1260	1	52	-nan
2	1.15	129	2	50	0
1	1.2	9838	7	55	0
2	1.2	129	2	50	0
1	1.25	9838	7	55	0
2	1.25	350	6	53	0
1	1.3	22026	16	56	0
2	1.3	408	7	52	0
1	1.35	25114	19	53	0
2	1.35	1178	16	52	0
1	1.4	25283	22	50	0
2	1.4	1491	20	50	0
1	1.45	25404	24	50	0
2	1.45	1661	22	50	0
1	1.5	25404	24	50	0
2	1.5	1916	25	54	0
1	1.55	26983	26	56	0
2	1.55	1916	25	54	0
1	1.6	27112	28	53	0
2	1.6	2086	27	53	0
1	1.65	27176	29	53	0
2	1.65	2256	29	53	0
1	1.7	28760	31	51	0
2	1.7	2341	30	51	0
1	1.75	28824	32	51	0
2	1.75	2511	32	51	0
1	1.8	28952	34	50	0
2	1.8	2596	33	50	0
1	1.85	29016	35	50	0
2	1.85	2766	35	50	0
1	1.9	29080	36	52	0
2	1.9	2851	36	52	0
1	1.95	29144	37	52	0
2	1.95	2936	37	52	0
1	2	29213	38	51	0
2	2	3021	38	51	0
1	2.05	29341	40	51	0
2	2.05	3106	39	51	0
1	2.1	29405	41	51	0
2	2.1	3276	41	51	0
1	2.15	29469	42	51	0
2	2.15	3361	42	51	0
1	2.2	29533	43	53	0
2	2.2	3446	43	53	0
1	2.25	29597	44	53	0
2	2.25	3531	44	53	0
1	2.3	29661	45	53	0
2	2.3	3616	45	53	0
1	2.35	29789	47	53	0
2	2.35	3701	46	53	0
1	2.4	29789	47	53	0
2	2.4	3871	48	51	0
1	2.45	29922	49	51	0
2	2.45	3871	48	51	0
1	2.5	29986	50	53	0
2	2.5	4041	50	53	0
1	2.55	30050	51	53	0
2	2.55	4126	51	53	0
1	2.6	30114	52	50	0
2	2.6	4211	52	50	0
1	2.65	30178	53	50	0
2	2.65	4296	53	50	0
1	2.7	30240	54	53	0
2	2.7	4381	54	53	0
1	2.75	30304	55	53	0
2	2.75	4466	55	53	0
1	2.8	30368	56	52	0
2	2.8	4551	56	52	0
1	2.85	30368	56	52	0
2	2.85	4636	57	52	0
1	2.9	30432	57	54	0
2	2.9	4636	57	52	0
1	2.95	30496	58	54	0
2	2.95	4721	58	54	0
1	3	30560	59	50	0
2	3	4806	59	50	0
1	3.05	30560	59	50	0
2	3.05	4891	60	50	0
1	3.1	30629	60	53	0
2	3.1	4891	60	50	0
1	3.15	30693	61	53	0
2	3.15	4976	61	53	0
1	3.2	30757	62	50	0
2	3.2	5061	62	50	0
1	3.25	30757	62	50	0
2	3.25	5146	63	50	0
1	3.3	30821	63	52	0
2	3.3	5146	63	50	0
1	3.35	30885	64	52	0
2	3.35	5231	64	52	0
1	3.4	30951	65	51	0
2	3.4	5316	65	51	0
1	3.45	31017	66	51	0
2	3.45	5401	66	51	0
1	3.5	31017	66	51	0
2	3.5	5486	67	50	0
1	3.55	31083	67	50	0
2	3.55	5486	67	50	0
1	3.6	31149	68	50	0
2	3.6	5571	68	50	0
1	3.65	31215	69	50	0
2	3.65	5656	69	50	0
1	3.7	31281	70	50	0
2	3.7	5741	70	50	0
1	3.75	31281	70	50	0
2	3.75	5826	71	50	0
1	3.8	31352	71	53	0
2	3.8	5826	71	50	0
1	3.85	31418	72	53	0
2	3.85	5911	72	53	0
1	3.9	31484	73	51	0
2	3.9	5996	73	51	0
1	3.95	31550	74	51	0
2	3.95	6081	74	51	0
1	4	31550	74	51	0
2	4	6166	75	52	0
1	4.05	31616	75	52	0
2	4.05	6166	75	52	0
1	4.1	31682	76	53	0
2	4.1	6251	76	53	0
1	4.15	31748	77	53	0
2	4.15	6336	77	53	0
1	4.2	31748	77	53	0
2	4.2	6336	77	53	0
1	4.25	31814	78	53	0
2	4.25	6421	78	53	0
1	4.3	31880	79	50	0
2	4.3	6506	79	50	0
1	4.35	31946	80	50	0
2	4.35	6591	80	50	0
1	4.4	31946	80	50	0
2	4.4	6676	81	52	0
1	4.45	32012	81	52	0
2	4.45	6676	81	52	0
1	4.5	32083	82	52	0
2	4.5	6761	82	52	0
1	4.55	32149	83	52	0
2	4.55	6846	83	52	0
1	4.6	32215	84	53	0
2	4.6	6931	84	53	0
1	4.65	32215	84	53	0
2	4.65	7016	85	53	0
1	4.7	32281	85	52	0
2	4.7	7016	85	53	0
1	4.75	32347	86	52	0
2	4.75	7101	86	52	0
1	4.8	32413	87	51	0
2	4.8	7186	87	51	0
1	4.85	32479	88	51	0
2	4.85	7271	88	51	0
1	4.9	32479	88	51	0
2	4.9	7356	89	53	0
1	4.95	32545	89	53	0
2	4.95	7356	89	53	0
1	5	32611	90	50	0
2	5	7441	90	50	0
1	5.05	32677	91	50	0
2	5.05	7526	91	50	0
1	5.1	32677	91	50	0
2	5.1	7611	92	51	0
1	5.15	32743	92	51	0
2	5.15	7611	92	51	0
1	5.2	32814	93	51	0
2	5.2	7696	93	51	0
1	5.25	32880	94	51	0
2	5.25	7781	94	51	0
1	5.3	32880	94	51	0
2	5.3	7866	95	54	0
1	5.35	32946	95	54	0
2	5.35	7866	95	54	0
1	5.4	33012	96	50	0
2	5.4	7951	96	50	0
1	5.45	33078	97	50	0
2	5.45	8036	97	50	0
1	5.5	33144	98	52	0
2	5.5	8121	98	52	0
1	5.55	33144	98	52	0
2	5.55	8206	99	52	0
1	5.6	33210	99	52	0
2	5.6	8206	99	52	0
1	5.65	33276	100	52	0
2	5.65	8291	100	52	0
1	5.7	33342	101	53	0
2	5.7	8376	101	53	0
1	5.75	33408	102	53	0
2	5.75	8461	102	53	0
1	5.8	33408	102	53	0
2	5.8	8546	103	51	0
1	5.85	33474	103	51	0
2	5.85	8546	103	51	0
1	5.9	33545	104	51	0
2	5.9	8631	104	51	0
1	5.95	33611	105	51	0
2	5.95	8716	105	51	0
1	6	33611	105	51	0
2	6	8801	106	53	0
1	6.05	33677	106	53	0
2	6.05	8801	106	53	0
1	6.1	33743	107	53	0
2	6.1	8886	107	53	0
1	6.15	33809	108	53	0
2	6.15	8971	108	53	0
1	6.2	33809	108	53	0
2	6.2	9056	109	53	0
1	6.25	33875	109	53	0
2	6.25	9056	109	53	0
1	6.3	33941	110	51	0
2	6.3	9141	110	51	0
1	6.35	34007	111	51	0
2	6.35	9226	111	51	0
1	6.4	34073	112	53	0
2	6.4	9311	112	53	0
1	6.45	34073	112	53	0
2	6.45	9396	113	53	0
1	6.5	34139	113	52	0
2	6.5	9396	113	53	0
1	6.55	34205	114	52	0
2	6.55	9481	114	52	0
1	6.6	34276	115	51	0
2	6.6	9566	115	51	0
1	6.65	34342	116	51	0
2	6.65	9651	116	51	0
1	6.7	34342	116	51	0
2	6.7	9736	117	50	0
1	6.75	34408	117	50	0
2	6.75	9736	117	50	0
1	6.8	34474	118	50	0
2	6.8	9821	118	50	0
1	6.85	34540	119	50	0
2	6.85	9906	119	50	0
1	6.9	34540	119	50	0
2	6.9	9991	120	53	0
1	6.95	34606	120	53	0
2	6.95	9991	120	53	0
1	7	34672	121	52	0
2	7	10076	121	52	0
1	7.05	34738	122	52	0
2	7.05	10161	122	52	0
1	7.1	34738	122	52	0
2	7.1	10246	123	53	0
1	7.15	34804	123	53	0
2	7.15	10246	123	53	0
1	7.2	34870	124	54	0
2	7.2	10331	124	54	0
1	7.25	34936	125	54	0
2	7.25	10416	125	54	0
1	7.3	35007	126	51	0
2	7.3	10501	126	51	0
1	7.35	35007	126	51	0
2	7.35	10586	127	51	0
1	7.4	35073	127	54	0
2	7.4	10586	127	51	0
1	7.45	35139	128	54	0
2	7.45	10671	128	54	0
1	7.5	35205	129	50	0
2	7.5	10756	129	50	0
1	7.55	35271	130	50	0
2	7.55	10841	130	50	0
1	7.6	35271	130	50	0
2	7.6	10841	130	50	0
1	7.65	35337	131	54	0
2	7.65	10926	131	54	0
1	7.7	35403	132	51	0
2	7.7	11011	132	51	0
1	7.75	35403	132	51	0
2	7.75	11096	133	51	0
1	7.8	35469	133	51	0
2	7.8	11096	133	51	0
1	7.85	35535	134	51	0
2	7.85	11181	134	51	0
1	7.9	35601	135	53	0
2	7.9	11266	135	53	0
1	7.95	35667	136	53	0
2	7.95	11351	136	53	0
1	8	35667	136	53	0
2	8	11436	137	53	0
1	8.05	35738	137	53	0
2	8.05	11436	137	53	0
1	8.1	35804	138	52	0
2	8.1	11521	138	52	0
1	8.15	35870	139	52	0
2	8.15	11606	139	52	0
1	8.2	35936	140	51	0
2	8.2	11691	140	51	0
1	8.25	35936	140	51	0
2	8.25	11776	141	51	0
1	8.3	36002	141	50	0
2	8.3	11776	141	51	0
1	8.35	36068	142	50	0
2	8.35	11861	142	50	0
1	8.4	36068	142	50	0
2	8.4	11946	143	54	0
1	8.45	36134	143	54	0
2	8.45	11946	143	54	0
1	8.5	36200	144	54	0
2	8.5	12031	144	54	0
1	8.55	36266	145	54	0
2	8.55	12116	145	54	0
1	8.6	36332	146	53	0
2	8.6	12201	146	53	0
1	8.65	36332	146	53	0
2	8.65	12286	147	53	0
1	8.7	36398	147	53	0
2	8.7	12286	147	53	0
1	8.75	36469	148	53	0
2	8.75	12371	148	53	0
1	8.8	36535	149	54	0
2	8.8	12456	149	54	0
1	8.85	36535	149	54	0
2	8.85	12456	149	54	0
1	8.9	36601	150	54	0
2	8.9	12541	150	54	0
1	8.95	36667	151	53	0
2	8.95	12626	151	53	0
1	9	36733	152	54	0
2	9	12711	152	54	0
1	9.05	36733	152	54	0
2	9.05	12796	153	54	0
1	9.1	36799	153	51	0
2	9.1	12796	153	54	0
1	9.15	36865	154	51	0
2	9.15	12881	154	51	0
1	9.2	36931	155	53	0
2	9.2	12966	155	53	0
1	9.25	36997	156	53	0
2	9.25	13051	156	53	0
1	9.3	36997	156	53	0
2	9.3	13136	157	52	0
1	9.35	37063	157	52	0
2	9.35	13136	157	52	0
1	9.4	37129	158	54	0
2	9.4	13221	158	54	0
1	9.45	37129	158	54	0
2	9.45	13306	159	54	0
1	9.5	37200	159	54	0
2	9.5	13306	159	54	0
1	9.55	37266	160	54	0
2	9.55	13391	160	54	0
1	9.6	37332	161	51	0
2	9.6	13476	161	51	0
1	9.65	37398	162	51	0
2	9.65	13561	162	51	0
1	9.7	37398	162	51	0
2	9.7	13646	163	53	0
1	9.75	37464	163	53	0
2	9.75	13646	163	53	0
1	9.8	37530	164	54	0
2	9.8	13731	164	54	0
1	9.85	37596	165	54	0
2	9.85	13816	165	54	0
1	9.9	37596	165	54	0
2	9.9	13901	166	50	0
1	9.95	37662	166	50	0
2	9.95	13901	166	50	0
1	10	37728	167	50	0
2	10	13986	167	50	0
1	10.05	37794	168	50	0
2	10.05	14071	168	50	0
1	10.1	37860	169	51	0
2	10.1	14156	169	51	0
1	10.15	37860	169	51	0
2	10.15	14241	170	51	0
1	10.2	37931	170	52	0
2	10.2	14241	170	51	0
1	10.25	37997	171	52	0
2	10.25	14326	171	52	0
1	10.3	38063	172	51	0
2	10.3	14411	172	51	0
1	10.35	38063	172	51	0
2	10.35	14496	173	51	0
1	10.4	38129	173	51	0
2	10.4	14496	173	51	0
1	10.45	38195	174	51	0
2	10.45	14581	174	51	0
1	10.5	38261	175	53	0
2	10.5	14666	175	53	0
1	10.55	38327	176	53	0
2	10.55	14751	176	53	0
1	10.6	38327	176	53	0
2	10.6	14836	177	51	0
1	10.65	38393	177	51	0
2	10.65	14836	177	51	0
1	10.7	38459	178	50	0
2	10.7	14921	178	50	0
1	10.75	38525	179	50	0
2	10.75	15006	179	50	0
1	10.8	38591	180	50	0
2	10.8	15091	180	50	0
1	10.85	38591	180	50	0
2	10.85	15176	181	50	0
1	10.9	38662	181	53	0
2	10.9	15176	181	50	0
1	10.95	38728	182	53	0
2	10.95	15261	182	53	0
1	11	38794	183	51	0
2	11	15346	183	51	0
1	11.05	38860	184	51	0
2	11.05	15431	184	51	0
1	11.1	38860	184	51	0
2	11.1	15516	185	51	0
1	11.15	38926	185	51	0
2	11.15	15516	185	51	0
1	11.2	38992	186	53	0
2	11.2	15601	186	53	0
1	11.25	38992	186	53	0
2	11.25	15686	187	53	0
1	11.3	39058	187	53	0
2	11.3	15686	187	53	0
1	11.35	39124	188	50	0
2	11.35	15771	188	50	0
1	11.4	39190	189	52	0
2	11.4	15856	189	52	0
1	11.45	39256	190	52	0
2	11.45	15941	190	52	0
1	11.5	39256	190	52	0
2	11.5	16026	191	51	0
1	11.55	39322	191	51	0
2	11.55	16026	191	51	0
1	11.6	39393	192	52	0
2	11.6	16111	192	52	0
1	11.65	39459	193	52	0
2	11.65	16196	193	52	0
1	11.7	39525	194	52	0
2	11.7	16281	194	52	0
1	11.75	39525	194	52	0
2	11.75	16366	195	52	0
1	11.8	39591	195	50	0
2	11.8	16366	195	52	0
1	11.85	39657	196	50	0
2	11.85	16451	196	50	0
1	11.9	39723	197	54	0
2	11.9	16536	197	54	0
1	11.95	39723	197	54	0
2	11.95	16621	198	54	0
1	12	39789	198	54	0
2	12	16621	198	54	0
1	12.05	39855	199	52	0
2	12.05	16706	199	52	0
1	12.1	39921	200	51	0
2	12.1	16791	200	51	0
1	12.15	39921	200	51	0
2	12.15	16876	201	51	0
1	12.2	39987	201	51	0
2	12.2	16876	201	51	0
1	12.25	40053	202	51	0
2	12.25	16961	202	51	0
1	12.3	40124	203	51	0
2	12.3	17046	203	51	0
1	12.35	40190	204	51	0
2	12.35	17131	204	51	0
1	12.4	40190	204	51	0
2	12.4	17216	205	52	0
1	12.45	40256	205	52	0
2	12.45	17216	205	52	0
1	12.5	40322	206	50	0
2	12.5	17301	206	50	0
1	12.55	40388	207	50	0
2	12.55	17386	207	50	0
1	12.6	40454	208	51	0
2	12.6	17471	208	51	0
1	12.65	40454	208	51	0
2	12.65	17556	209	51	0
1	12.7	40520	209	51	0
2	12.7	17556	209	51	0
1	12.75	40586	210	51	0
2	12.75	17641	210	51	0
1	12.8	40652	211	54	0
2	12.8	17726	211	54	0
1	12.85	40718	212	54	0
2	12.85	17811	212	54	0
1	12.9	40718	212	54	0
2	12.9	17811	212	54	0
1	12.95	40784	213	53	0
2	12.95	17896	213	53	0
1	13	40855	214	50	0
2	13	17981	214	50	0
1	13.05	40921	215	50	0
2	13.05	18066	215	50	0
1	13.1	40921	215	50	0
2	13.1	18151	216	52	0
1	13.15	40987	216	52	0
2	13.15	18151	216	52	0
1	13.2	41053	217	51	0
2	13.2	18236	217	51	0
1	13.25	41119	218	51	0
2	13.25	18321	218	51	0
1	13.3	41119	218	51	0
2	13.3	18406	219	54	0
1	13.35	41185	219	54	0
2	13.35	18406	219	54	0
1	13.4	41251	220	51	0
2	13.4	18491	220	51	0
1	13.45	41317	221	51	0
2	13.45	18576	221	51	0
1	13.5	41383	222	52	0
2	13.5	18661	222	52	0
1	13.55	41383	222	52	0
2	13.55	18746	223	52	0
1	13.6	41449	223	54	0
2	13.6	18746	223	52	0
1	13.65	41515	224	54	0
2	13.65	18831	224	54	0
1	13.7	41586	225	51	0
2	13.7	18916	225	51	0
1	13.75	41652	226	51	0
2	13.75	19001	226	51	0
1	13.8	41652	226	51	0
2	13.8	19086	227	51	0
1	13.85	41718	227	51	0
2	13.85	19086	227	51	0
1	13.9	41784	228	53	0
2	13.9	19171	228	53	0
1	13.95	41784	228	53	0
2	13.95	19256	229	53	0
1	14	41850	229	53	0
2	14	19256	229	53	0
1	14.05	41916	230	54	0
2	14.05	19341	230	54	0
1	14.1	41982	231	53	0
2	14.1	19426	231	53	0
1	14.15	42048	232	53	0
2	14.15	19511	232	53	0
1	14.2	42048	232	53	0
2	14.2	19596	233	51	0
1	14.25	42114	233	51	0
2	14.25	19596	233	51	0
1	14.3	42180	234	54	0
2	14.3	19681	234	54	0
1	14.35	42246	235	54	0
2	14.35	19766	235	54	0
1	14.4	42246	235	54	0
2	14.4	19766	235	54	0
1	14.45	42317	236	54	0
2	14.45	19851	236	54	0
1	14.5	42383	237	51	0
2	14.5	19936	237	51	0
1	14.55	42449	238	51	0
2	14.55	20021	238	51	0
1	14.6	42449	238	51	0
2	14.6	20106	239	52	0
1	14.65	42515	239	52	0
2	14.65	20106	239	52	0
1	14.7	42581	240	51	0
2	14.7	20191	240	51	0
1	14.75	42647	241	51	0
2	14.75	20276	241	51	0
1	14.8	42713	242	54	0
2	14.8	20361	242	54	0
1	14.85	42713	242	54	0
2	14.85	20446	243	54	0
1	14.9	42779	243	53	0
2	14.9	20446	243	54	0
1	14.95	42845	244	53	0
2	14.95	20531	244	53	0
1	15	42911	245	53	0
2	15	20616	245	53	0
1	15.05	42911	245	53	0
2	15.05	20701	246	53	0
1	15.1	42977	246	50	0
2	15.1	20701	246	53	0
1	15.15	43048	247	50	0
2	15.15	20786	247	50	0
1	15.2	43114	248	50	0
2	15.2	20871	248	50	0
1	15.25	43114	248	50	0
2	15.25	20956	249	50	0
1	15.3	43180	249	50	0
2	15.3	20956	249	50	0
1	15.35	43246	250	50	0
2	15.35	21041	250	50	0
1	15.4	43312	251	51	0
2	15.4	21126	251	51	0
1	15.45	43378	252	51	0
2	15.45	21211	252	51	0
1	15.5	43378	252	51	0
2	15.5	21296	253	54	0
1	15.55	43444	253	54	0
2	15.55	21296	253	54	0
1	15.6	43510	254	54	0
2	15.6	21381	254	54	0
1	15.65	43576	255	54	0
2	15.65	21466	255	54	0
1	15.7	43643	256	50	0
2	15.7	21552	256	50	0
1	15.75	43643	256	50	0
2	15.75	21638	257	50	0
1	15.8	43710	257	50	0
2	15.8	21638	257	50	0
1	15.85	43782	258	50	0
2	15.85	21724	258	50	0
1	15.9	43849	259	50	0
2	15.9	21810	259	50	0
1	15.95	43916	260	50	0
2	15.95	21896	260	50	0
1	16	43916	260	50	0
2	16	21982	261	51	0
1	16.05	43983	261	51	0
2	16.05	21982	261	51	0
1	16.1	44050	262	51	0
2	16.1	22068	262	51	0
1	16.15	44117	263	51	0
2	16.15	22154	263	51	0
1	16.2	44184	264	52	0
2	16.2	22240	264	52	0
1	16.25	44184	264	52	0
2	16.25	22326	265	52	0
1	16.3	44251	265	51	0
2	16.3	22326	265	52	0
1	16.35	44318	266	51	0
2	16.35	22412	266	51	0
1	16.4	44318	266	51	0
2	16.4	22498	267	52	0
1	16.45	44385	267	52	0
2	16.45	22498	267	52	0
1	16.5	44452	268	50	0
2	16.5	22584	268	50	0
1	16.55	44524	269	50	0
2	16.55	22670	269	50	0
1	16.6	44591	270	51	0
2	16.6	22756	270	51	0
1	16.65	44591	270	51	0
2	16.65	22842	271	51	0
1	16.7	44658	271	53	0
2	16.7	22842	271	51	0
1	16.75	44725	272	53	0
2	16.75	22928	272	53	0
1	16.8	44792	273	52	0
2	16.8	23014	273	52	0
1	16.85	44859	274	52	0
2	16.85	23100	274	52	0
1	16.9	44859	274	52	0
2	16.9	23186	275	51	0
1	16.95	44926	275	51	0
2	16.95	23186	275	51	0
1	17	44993	276	54	0
2	17	23272	276	54	0
1	17.05	45060	277	54	0
2	17.05	23358	277	54	0
1	17.1	45127	278	51	0
2	17.1	23444	278	51	0
1	17.15	45127	278	51	0
2	17.15	23530	279	51	0
1	17.2	45194	279	50	0
2	17.2	23530	279	51	0
1	17.25	45266	280	50	0
2	17.25	23616	280	50	0
1	17.3	45266	280	50	0
2	17.3	23702	281	52	0
1	17.35	45333	281	52	0
2	17.35	23702	281	52	0
1	17.4	45400	282	52	0
2	17.4	23788	282	52	0
1	17.45	45467	283	52	0
2	17.45	23874	283	52	0
1	17.5	45534	284	52	0
2	17.5	23960	284	52	0
1	17.55	45534	284	52	0
2	17.55	24046	285	52	0
1	17.6	45601	285	51	0
2	17.6	24046	285	52	0
1	17.65	45668	286	51	0
2	17.65	24132	286	51	0
1	17.7	45735	287	54	0
2	17.7	24218	287	54	0
1	17.75	45802	288	54	0
2	17.75	24304	288	54	0
1	17.8	45802	288	54	0
2	17.8	24390	289	54	0
1	17.85	45869	289	54	0
2	17.85	24390	289	54	0
1	17.9	45936	290	50	0
2	17.9	24476	290	50	0
1	17.95	46008	291	50	0
2	17.95	24562	291	50	0
1	18	46075	292	51	0
2	18	24648	292	51	0
1	18.05	46075	292	51	0
2	18.05	24648	292	51	0
1	18.1	46142	293	52	0
2	18.1	24734	293	51	0
1	18.15	46209	294	52	0
2	18.15	24820	294	52	0
1	18.2	46209	294	52	0
2	18.2	24906	295	51	0
1	18.25	46276	295	51	0
2	18.25	24906	295	51	0
1	18.3	46343	296	53	0
2	18.3	24992	296	53	0
1	18.35	46410	297	53	0
2	18.35	25078	297	53	0
1	18.4	46477	298	53	0
2	18.4	25164	298	53	0
1	18.45	46477	298	53	0
2	18.45	25250	299	53	0
1	18.5	46544	299	51	0
2	18.5	25250	299	53	0
1	18.55	46611	300	51	0
2	18.55	25336	300	51	0
1	18.6	46678	301	53	0
2	18.6	25422	301	53	0
1	18.65	46750	302	53	0
2	18.65	25508	302	53	0
1	18.7	46750	302	53	0
2	18.7	25508	302	53	0
1	18.75	46817	303	53	0
2	18.75	25594	303	53	0
1	18.8	46884	304	53	0
2	18.8	25680	304	53	0
1	18.85	46884	304	53	0
2	18.85	25766	305	53	0
1	18.9	46951	305	52	0
2	18.9	25766	305	53	0
1	18.95	47018	306	52	0
2	18.95	25852	306	52	0
1	19	47085	307	52	0
2	19	25938	307	52	0
1	19.05	47152	308	52	0
2	19.05	26024	308	52	0
1	19.1	47152	308	52	0
2	19.1	26110	309	50	0
1	19.15	47219	309	50	0
2	19.15	26110	309	50	0
1	19.2	47286	310	54	0
2	19.2	26196	310	54	0
1	19.25	47353	311	54	0
2	19.25	26282	311	54	0
1	19.3	47420	312	50	0
2	19.3	26368	312	50	0
1	19.35	47420	312	50	0
2	19.35	26454	313	50	0
1	19.4	47492	313	52	0
2	19.4	26454	313	50	0
1	19.45	47559	314	52	0
2	19.45	26540	314	52	0
1	19.5	47559	314	52	0
2	19.5	26626	315	52	0
1	19.55	47626	315	52	0
2	19.55	26626	315	52	0
1	19.6	47693	316	52	0
2	19.6	26712	316	52	0
1	19.65	47760	317	52	0
2	19.65	26798	317	52	0
1	19.7	47827	318	54	0
2	19.7	26884	318	54	0
1	19.75	47827	318	54	0
2	19.75	26970	319	54	0
1	19.8	47894	319	54	0
2	19.8	26970	319	54	0
1	19.85	47961	320	54	0
2	19.85	27056	320	54	0
1	19.9	48028	321	51	0
2	19.9	27142	321	51	0
1	19.95	48095	322	51	0
2	19.95	27228	322	51	0
1	20	48095	322	51	0
2	20	27314	323	52	0
1	20.05	48162	323	52	0
2	20.05	27314	323	52	0
1	20.1	48234	324	50	0
2	20.1	27400	324	50	0
1	20.15	48301	325	50	0
2	20.15	27486	325	50	0
1	20.2	48301	325	50	0
2	20.2	27572	326	53	0
1	20.25	48368	326	53	0
2	20.25	27572	326	53	0
1	20.3	48435	327	54	0
2	20.3	27658	327	54	0
1	20.35	48502	328	54	0
2	20.35	27744	328	54	0
1	20.4	48502	328	54	0
2	20.4	27830	329	52	0
1	20.45	48569	329	52	0
2	20.45	27830	329	52	0
1	20.5	48636	330	50	0
2	20.5	27916	330	50	0
1	20.55	48703	331	50	0
2	20.55	28002	331	50	0
1	20.6	48770	332	54	0
2	20.6	28088	332	54	0
1	20.65	48770	332	54	0
2	20.65	28174	333	54	0
1	20.7	48837	333	54	0
2	20.7	28174	333	54	0
1	20.75	48904	334	54	0
2	20.75	28260	334	54	0
1	20.8	48904	334	54	0
2	20.8	28346	335	52	0
1	20.85	48976	335	52	0
2	20.85	28346	335	52	0
1	20.9	49043	336	51	0
2	20.9	28432	336	51	0
1	20.95	49110	337	51	0
2	20.95	28518	337	51	0
1	21	49177	338	50	0
2	21	28604	338	50	0
1	21.05	49177	338	50	0
2	21.05	28690	339	50	0
1	21.1	49244	339	54	0
2	21.1	28690	339	50	0
1	21.15	49311	340	54	0
2	21.15	28776	340	54	0
1	21.2	49378	341	52	0
2	21.2	28862	341	52	0
1	21.25	49445	342	52	0
2	21.25	28948	342	52	0
1	21.3	49445	342	52	0
2	21.3	29034	343	50	0
1	21.35	49512	343	50	0
2	21.35	29034	343	50	0
1	21.4	49579	344	54	0
2	21.4	29120	344	54	0
1	21.45	49646	345	54	0
2	21.45	29206	345	54	0
1	21.5	49718	346	51	0
2	21.5	29292	346	51	0
1	21.55	49718	346	51	0
2	21.55	29378	347	51	0
1	21.6	49785	347	50	0
2	21.6	29378	347	51	0
1	21.65	49852	348	50	0
2	21.65	29464	348	50	0
1	21.7	49852	348	50	0
2	21.7	29550	349	53	0
1	21.75	49919	349	53	0
2	21.75	29550	349	53	0
1	21.8	49986	350	54	0
2	21.8	29636	350	54	0
1	21.85	50053	351	54	0
2	21.85	29722	351	54	0
1	21.9	50120	352	53	0
2	21.9	29808	352	53	0
1	21.95	50120	352	53	0
2	21.95	29894	353	53	0
1	22	50187	353	50	0
2	22	29894	353	53	0
1	22.05	50254	354	50	0
2	22.05	29980	354	50	0
1	22.1	50321	355	51	0
2	22.1	30066	355	51	0
1	22.15	50388	356	51	0
2	22.15	30152	356	51	0
1	22.2	50388	356	51	0
2	22.2	30238	357	54	0
1	22.25	50460	357	54	0
2	22.25	30238	357	54	0
1	22.3	50527	358	54	0
2	22.3	30324	358	54	0
1	22.35	50527	358	54	0
2	22.35	30410	359	54	0
1	22.4	50594	359	54	0
2	22.4	30410	359	54	0
1	22.45	50661	360	54	0
2	22.45	30496	360	54	0
1	22.5	50728	361	51	0
2	22.5	30582	361	51	0
1	22.55	50795	362	51	0
2	22.55	30668	362	51	0
1	22.6	50795	362	51	0
2	22.6	30754	363	52	0
1	22.65	50862	363	52	0
2	22.65	30754	363	52	0
1	22.7	50929	364	54	0
2	22.7	30840	364	54	0
1	22.75	50996	365	54	0
2	22.75	30926	365	54	0
1	22.8	50996	365	54	0
2	22.8	31012	366	53	0
1	22.85	51063	366	53	0
2	22.85	31012	366	53	0
1	22.9	51130	367	52	0
2	22.9	31098	367	52	0
1	22.95	51202	368	52	0
2	22.95	31184	368	52	0
1	23	51202	368	52	0
2	23	31270	369	53	0
1	23.05	51269	369	53	0
2	23.05	31270	369	53	0
1	23.1	51336	370	52	0
2	23.1	31356	370	52	0
1	23.15	51403	371	52	0
2	23.15	31442	371	52	0
1	23.2	51470	372	52	0
2	23.2	31528	372	52	0
1	23.25	51470	372	52	0
2	23.25	31614	373	52	0
1	23.3	51537	373	52	0
2	23.3	31614	373	52	0
1	23.35	51604	374	52	0
2	23.35	31700	374	52	0
1	23.4	51671	375	51	0
2	23.4	31786	375	51	0
1	23.45	51738	376	51	0
2	23.45	31872	376	51	0
1	23.5	51738	376	51	0
2	23.5	31958	377	50	0
1	23.55	51805	377	50	0
2	23.55	31958	377	50	0
1	23.6	51872	378	52	0
2	23.6	32044	378	52	0
1	23.65	51944	379	52	0
2	23.65	32130	379	52	0
1	23.7	51944	379	52	0
2	23.7	32130	379	52	0
1	23.75	52011	380	53	0
2	23.75	32216	380	53	0
1	23.8	52078	381	52	0
2	23.8	32302	381	52	0
1	23.85	52145	382	52	0
2	23.85	32388	382	52	0
1	23.9	52145	382	52	0
2	23.9	32474	383	50	0
1	23.95	52212	383	50	0
2	23.95	32474	383	50	0
1	24	52279	384	54	0
2	24	32560	384	54	0
1	24.05	52346	385	54	0
2	24.05	32646	385	54	0
1	24.1	52413	386	54	0
2	24.1	32732	386	54	0
1	24.15	52413	386	54	0
2	24.15	32818	387	54	0
1	24.2	52480	387	54	0
2	24.2	32818	387	54	0
1	24.25	52547	388	54	0
2	24.25	32904	388	54	0
1	24.3	52547	388	54	0
2	24.3	32990	389	52	0
1	24.35	52614	389	52	0
2	24.35	32990	389	52	0
1	24.4	52686	390	54	0
2	24.4	33076	390	54	0
1	24.45	52753	391	54	0
2	24.45	33162	391	54	0
1	24.5	52820	392	54	0
2	24.5	33248	392	54	0
1	24.55	52820	392	54	0
2	24.55	33334	393	54	0
1	24.6	52887	393	51	0
2	24.6	33334	393	54	0
1	24.65	52954	394	51	0
2	24.65	33420	394	51	0
1	24.7	53021	395	50	0
2	24.7	33506	395	50	0
1	24.75	53088	396	50	0
2	24.75	33592	396	50	0
1	24.8	53088	396	50	0
2	24.8	33678	397	51	0
1	24.85	53155	397	51	0
2	24.85	33678	397	51	0
1	24.9	53222	398	53	0
2	24.9	33764	398	53	0
1	24.95	53222	398	53	0
2	24.95	33850	399	53	0
1	25	53289	399	53	0
2	25	33850	399	53	0
1	25.05	53356	400	54	0
2	25.05	33936	400	54	0
1	25.1	53428	401	54	0
2	25.1	34022	401	54	0
1	25.15	53495	402	54	0
2	25.15	34108	402	54	0
1	25.2	53495	402	54	0
2	25.2	34194	403	50	0
1	25.25	53562	403	50	0
2	25.25	34194	403	50	0
1	25.3	53629	404	51	0
2	25.3	34280	404	51	0
1	25.35	53696	405	51	0
2	25.35	34366	405	51	0
1	25.4	53696	405	51	0
2	25.4	34452	406	54	0
1	25.45	53763	406	54	0
2	25.45	34452	406	54	0
1	25.5	53830	407	51	0
2	25.5	34538	407	51	0
1	25.55	53897	408	51	0
2	25.55	34624	408	51	0
1	25.6	53964	409	50	0
2	25.6	34710	409	50	0
1	25.65	53964	409	50	0
2	25.65	34796	410	50	0
1	25.7	54031	410	54	0
2	25.7	34796	410	50	0
1	25.75	54098	411	54	0
2	25.75	34882	411	54	0
1	25.8	54170	412	53	0
2	25.8	34968	412	53	0
1	25.85	54170	412	53	0
2	25.85	35054	413	53	0
1	25.9	54237	413	50	0
2	25.9	35054	413	53	0
1	25.95	54304	414	50	0
2	25.95	35140	414	50	0
1	26	54371	415	51	0
2	26	35226	415	51	0
1	26.05	54438	416	51	0
2	26.05	35312	416	51	0
1	26.1	54438	416	51	0
2	26.1	35398	417	52	0
1	26.15	54505	417	52	0
2	26.15	35398	417	52	0
1	26.2	54572	418	50	0
2	26.2	35484	418	50	0
1	26.25	54639	419	50	0
2	26.25	35570	419	50	0
1	26.3	54706	420	50	0
2	26.3	35656	420	50	0
1	26.35	54706	420	50	0
2	26.35	35742	421	50	0
1	26.4	54773	421	53	0
2	26.4	35742	421	50	0
1	26.45	54840	422	53	0
2	26.45	35828	422	53	0
1	26.5	54912	423	54	0
2	26.5	35914	423	54	0
1	26.55	54912	423	54	0
2	26.55	36000	424	54	0
1	26.6	54979	424	51	0
2	26.6	36000	424	54	0
1	26.65	55046	425	51	0
2	26.65	36086	425	51	0
1	26.7	55113	426	51	0
2	26.7	36172	426	51	0
1	26.75	55113	426	51	0
2	26.75	36258	427	51	0
1	26.8	55180	427	53	0
2	26.8	36258	427	51	0
1	26.85	55247	428	53	0
2	26.85	36344	428	53	0
1	26.9	55314	429	52	0
2	26.9	36430	429	52	0
1	26.95	55381	430	52	0
2	26.95	36516	430	52	0
1	27	55381	430	52	0
2	27	36602	431	51	0
1	27.05	55448	431	51	0
2	27.05	36602	431	51	0
1	27.1	55515	432	54	0
2	27.1	36688	432	54	0
1	27.15	55582	433	54	0
2	27.15	36774	433	54	0
1	27.2	55582	433	54	0
2	27.2	36860	434	51	0
1	27.25	55654	434	51	0
2	27.25	36860	434	51	0
1	27.3	55721	435	51	0
2	27.3	36946	435	51	0
1	27.35	55788	436	51	0
2	27.35	37032	436	51	0
1	27.4	55788	436	51	0
2	27.4	37118	437	54	0
1	27.45	55855	437	54	0
2	27.45	37118	437	54	0
1	27.5	55922	438	51	0
2	27.5	37204	438	51	0
1	27.55	55989	439	51	0
2	27.55	37290	439	51	0
1	27.6	56056	440	50	0
2	27.6	37376	440	50	0
1	27.65	56056	440	50	0
2	27.65	37462	441	50	0
1	27.7	56123	441	54	0
2	27.7	37462	441	50	0
1	27.75	56190	442	54	0
2	27.75	37548	442	54	0
1	27.8	56257	443	51	0
2	27.8	37634	443	51	0
1	27.85	56324	444	51	0
2	27.85	37720	444	51	0
1	27.9	56324	444	51	0
2	27.9	37806	445	51	0
1	27.95	56396	445	51	0
2	27.95	37806	445	51	0
1	28	56463	446	53	0
2	28	37892	446	53	0
1	28.05	56530	447	53	0
2	28.05	37978	447	53	0
1	28.1	56530	447	53	0
2	28.1	37978	447	53	0
1	28.15	56597	448	52	0
2	28.15	38064	448	52	0
1	28.2	56664	449	52	0
2	28.2	38150	449	52	0
1	28.25	56731	450	52	0
2	28.25	38236	450	52	0
1	28.3	56731	450	52	0
2	28.3	38322	451	53	0
1	28.35	56798	451	53	0
2	28.35	38322	451	53	0
1	28.4	56865	452	52	0
2	28.4	38408	452	52	0
1	28.45	56932	453	52	0
2	28.45	38494	453	52	0
1	28.5	56999	454	52	0
2	28.5	38580	454	52	0
1	28.55	56999	454	52	0
2	28.55	38666	455	52	0
1	28.6	57066	455	54	0
2	28.6	38666	455	52	0
1	28.65	57138	456	54	0
2	28.65	38752	456	54	0
1	28.7	57205	457	50	0
2	28.7	38838	457	50	0
1	28.75	57272	458	50	0
2	28.75	38924	458	50	0
1	28.8	57272	458	50	0
2	28.8	39010	459	52	0
1	28.85	57339	459	52	0
2	28.85	39010	459	52	0
1	28.9	57406	460	51	0
2	28.9	39096	460	51	0
1	28.95	57406	460	51	0
2	28.95	39182	461	51	0
1	29	57473	461	52	0
2	29	39182	461	51	0
1	29.05	57540	462	52	0
2	29.05	39268	462	52	0
1	29.1	57607	463	52	0
2	29.1	39354	463	52	0
1	29.15	57674	464	52	0
2	29.15	39440	464	52	0
1	29.2	57674	464	52	0
2	29.2	39526	465	54	0
1	29.25	57741	465	54	0
2	29.25	39526	465	54	0
1	29.3	57808	466	50	0
2	29.3	39612	466	50	0
1	29.35	57880	467	50	0
2	29.35	39698	467	50	0
1	29.4	57947	468	50	0
2	29.4	39784	468	50	0
1	29.45	57947	468	50	0
2	29.45	39870	469	50	0
1	29.5	58014	469	52	0
2	29.5	39870	469	50	0
1	29.55	58081	470	52	0
2	29.55	39956	470	52	0
1	29.6	58148	471	52	0
2	29.6	40042	471	52	0
1	29.65	58215	472	52	0
2	29.65	40128	472	52	0
1	29.7	58215	472	52	0
2	29.7	40214	473	51	0
1	29.75	58282	473	51	0
2	29.75	40214	473	51	0
1	29.8	58349	474	51	0
2	29.8	40300	474	51	0
1	29.85	58349	474	51	0
2	29.85	40386	475	51	0
1	29.9	58483	476	52	0
2	29.9	40386	475	51	0
1	29.95	58483	476	52	0
2	29.95	40472	476	52	0
