1	1.05	0	0	0	-nan
1	1.1	1260	1	54	-nan
2	1.1	0	0	0	-nan
1	1.15	1260	1	54	-nan
2	1.15	129	2	52	0
1	1.2	9838	7	52	0
2	1.2	129	2	52	0
1	1.25	9838	7	52	0
2	1.25	350	6	50	0
1	1.3	22026	16	55	0
2	1.3	408	7	51	0
1	1.35	25114	19	53	0
2	1.35	1236	17	51	0
1	1.4	25283	22	51	0
2	1.4	1491	20	51	0
1	1.45	25404	24	51	0
2	1.45	1746	23	51	0
1	1.5	25463	25	51	0
2	1.5	1916	25	51	0
1	1.55	27050	27	51	0
2	1.55	1916	25	51	0
1	1.6	27112	28	50	0
2	1.6	2171	28	50	0
1	1.65	27176	29	50	0
2	1.65	2256	29	50	0
1	1.7	28824	32	51	0
2	1.7	2341	30	51	0
1	1.75	28824	32	51	0
2	1.75	2596	33	51	0
1	1.8	28952	34	53	0
2	1.8	2596	33	51	0
1	1.85	29016	35	53	0
2	1.85	2766	35	53	0
1	1.9	29080	36	52	0
2	1.9	2851	36	52	0
1	1.95	29144	37	52	0
2	1.95	2936	37	52	0
1	2	29213	38	51	0
2	2	3021	38	51	0
1	2.05	29341	40	51	0
2	2.05	3106	39	51	0
1	2.1	29405	41	50	0
2	2.1	3276	41	50	0
1	2.15	29469	42	50	0
2	2.15	3361	42	50	0
1	2.2	29533	43	50	0
2	2.2	3446	43	50	0
1	2.25	29597	44	50	0
2	2.25	3531	44	50	0
1	2.3	29725	46	53	0
2	2.3	3616	45	53	0
1	2.35	29789	47	53	0
2	2.35	3701	46	53	0
1	2.4	29853	48	51	0
2	2.4	3871	48	51	0
1	2.45	29922	49	51	0
2	2.45	3956	49	51	0
1	2.5	29986	50	54	0
2	2.5	4041	50	54	0
1	2.55	30050	51	54	0
2	2.55	4126	51	54	0
1	2.6	30114	52	53	0
2	2.6	4211	52	53	0
1	2.65	30178	53	53	0
2	2.65	4296	53	53	0
1	2.7	30306	55	54	0
2	2.7	4381	54	54	0
1	2.75	30370	56	54	0
2	2.75	4551	56	54	0
1	2.8	30434	57	54	0
2	2.8	4636	57	54	0
1	2.85	30498	58	54	0
2	2.85	4721	58	54	0
1	2.9	30562	59	54	0
2	2.9	4806	59	54	0
1	2.95	30631	60	54	0
2	2.95	4891	60	54	0
1	3	30759	62	51	0
2	3	4976	61	51	0
1	3.05	30759	62	51	0
2	3.05	5146	63	51	0
1	3.1	30887	64	54	0
2	3.1	5146	63	51	0
1	3.15	30951	65	54	0
2	3.15	5316	65	54	0
1	3.2	31017	66	53	0
2	3.2	5401	66	53	0
1	3.25	31083	67	53	0
2	3.25	5486	67	53	0
1	3.3	31149	68	50	0
2	3.3	5571	68	50	0
1	3.35	31281	70	50	0
2	3.35	5656	69	50	0
1	3.4	31352	71	54	0
2	3.4	5826	71	54	0
1	3.45	31418	72	54	0
2	3.45	5911	72	54	0
1	3.5	31484	73	51	0
2	3.5	5911	72	54	0
1	3.55	31550	74	51	0
2	3.55	6081	74	51	0
1	3.6	31614	75	50	0
2	3.6	6166	75	50	0
1	3.65	31680	76	50	0
2	3.65	6251	76	50	0
1	3.7	31680	76	50	0
2	3.7	6336	77	53	0
1	3.75	31746	77	53	0
2	3.75	6336	77	53	0
1	3.8	31812	78	50	0
2	3.8	6421	78	50	0
1	3.85	31878	79	50	0
2	3.85	6506	79	50	0
1	3.9	31944	80	54	0
2	3.9	6591	80	54	0
1	3.95	31944	80	54	0
2	3.95	6591	80	54	0
1	4	32010	81	52	0
2	4	6676	81	54	0
1	4.05	32081	82	52	0
2	4.05	6761	82	52	0
1	4.1	32147	83	53	0
2	4.1	6846	83	53	0
1	4.15	32147	83	53	0
2	4.15	6931	84	53	0
1	4.2	32213	84	54	0
2	4.2	6931	84	53	0
1	4.25	32279	85	54	0
2	4.25	7016	85	54	0
1	4.3	32345	86	50	0
2	4.3	7101	86	50	0
1	4.35	32411	87	50	0
2	4.35	7186	87	50	0
1	4.4	32411	87	50	0
2	4.4	7271	88	52	0
1	4.45	32477	88	52	0
2	4.45	7271	88	52	0
1	4.5	32543	89	54	0
2	4.5	7356	89	54	0
1	4.55	32543	89	54	0
2	4.55	7441	90	54	0
1	4.6	32609	90	54	0
2	4.6	7441	90	54	0
1	4.65	32675	91	50	0
2	4.65	7526	91	50	0
1	4.7	32741	92	51	0
2	4.7	7611	92	51	0
1	4.75	32812	93	51	0
2	4.75	7696	93	51	0
1	4.8	32812	93	51	0
2	4.8	7781	94	51	0
1	4.85	32878	94	51	0
2	4.85	7781	94	51	0
1	4.9	32944	95	50	0
2	4.9	7866	95	50	0
1	4.95	33010	96	50	0
2	4.95	7951	96	50	0
1	5	33076	97	54	0
2	5	8036	97	54	0
1	5.05	33076	97	54	0
2	5.05	8121	98	54	0
1	5.1	33142	98	51	0
2	5.1	8121	98	54	0
1	5.15	33208	99	51	0
2	5.15	8206	99	51	0
1	5.2	33274	100	50	0
2	5.2	8291	100	50	0
1	5.25	33340	101	50	0
2	5.25	8376	101	50	0
1	5.3	33340	101	50	0
2	5.3	8461	102	50	0
1	5.35	33406	102	50	0
2	5.35	8461	102	50	0
1	5.4	33472	103	54	0
2	5.4	8546	103	54	0
1	5.45	33543	104	54	0
2	5.45	8631	104	54	0
1	5.5	33543	104	54	0
2	5.5	8716	105	52	0
1	5.55	33609	105	52	0
2	5.55	8716	105	52	0
1	5.6	33675	106	53	0
2	5.6	8801	106	53	0
1	5.65	33741	107	53	0
2	5.65	8886	107	53	0
1	5.7	33741	107	53	0
2	5.7	8971	108	54	0
1	5.75	33807	108	54	0
2	5.75	8971	108	54	0
1	5.8	33873	109	54	0
2	5.8	9056	109	54	0
1	5.85	33939	110	54	0
2	5.85	9141	110	54	0
1	5.9	33939	110	54	0
2	5.9	9226	111	52	0
1	5.95	34005	111	52	0
2	5.95	9226	111	52	0
1	6	34071	112	54	0
2	6	9311	112	54	0
1	6.05	34137	113	54	0
2	6.05	9396	113	54	0
1	6.1	34137	113	54	0
2	6.1	9481	114	50	0
1	6.15	34203	114	50	0
2	6.15	9481	114	50	0
1	6.2	34274	115	54	0
2	6.2	9566	115	54	0
1	6.25	34340	116	54	0
2	6.25	9651	116	54	0
1	6.3	34406	117	54	0
2	6.3	9736	117	54	0
1	6.35	34406	117	54	0
2	6.35	9736	117	54	0
1	6.4	34472	118	50	0
2	6.4	9821	118	54	0
1	6.45	34538	119	50	0
2	6.45	9906	119	50	0
1	6.5	34604	120	54	0
2	6.5	9991	120	54	0
1	6.55	34604	120	54	0
2	6.55	10076	121	54	0
1	6.6	34670	121	50	0
2	6.6	10076	121	54	0
1	6.65	34736	122	50	0
2	6.65	10161	122	50	0
1	6.7	34802	123	54	0
2	6.7	10246	123	54	0
1	6.75	34802	123	54	0
2	6.75	10331	124	54	0
1	6.8	34868	124	53	0
2	6.8	10331	124	54	0
1	6.85	34934	125	53	0
2	6.85	10416	125	53	0
1	6.9	35005	126	51	0
2	6.9	10501	126	51	0
1	6.95	35071	127	51	0
2	6.95	10586	127	51	0
1	7	35071	127	51	0
2	7	10671	128	50	0
1	7.05	35137	128	50	0
2	7.05	10671	128	50	0
1	7.1	35203	129	52	0
2	7.1	10756	129	52	0
1	7.15	35269	130	52	0
2	7.15	10841	130	52	0
1	7.2	35269	130	52	0
2	7.2	10926	131	50	0
1	7.25	35335	131	50	0
2	7.25	10926	131	50	0
1	7.3	35401	132	51	0
2	7.3	11011	132	51	0
1	7.35	35467	133	51	0
2	7.35	11096	133	51	0
1	7.4	35533	134	52	0
2	7.4	11181	134	52	0
1	7.45	35533	134	52	0
2	7.45	11266	135	52	0
1	7.5	35599	135	52	0
2	7.5	11266	135	52	0
1	7.55	35665	136	52	0
2	7.55	11351	136	52	0
1	7.6	35736	137	50	0
2	7.6	11436	137	50	0
1	7.65	35802	138	50	0
2	7.65	11521	138	50	0
1	7.7	35802	138	50	0
2	7.7	11521	138	50	0
1	7.75	35868	139	53	0
2	7.75	11606	139	53	0
1	7.8	35934	140	53	0
2	7.8	11691	140	53	0
1	7.85	36000	141	53	0
2	7.85	11776	141	53	0
1	7.9	36000	141	53	0
2	7.9	11861	142	50	0
1	7.95	36066	142	50	0
2	7.95	11861	142	50	0
1	8	36132	143	54	0
2	8	11946	143	54	0
1	8.05	36198	144	54	0
2	8.05	12031	144	54	0
1	8.1	36198	144	54	0
2	8.1	12116	145	50	0
1	8.15	36264	145	50	0
2	8.15	12116	145	50	0
1	8.2	36330	146	52	0
2	8.2	12201	146	52	0
1	8.25	36396	147	52	0
2	8.25	12286	147	52	0
1	8.3	36467	148	50	0
2	8.3	12371	148	50	0
1	8.35	36467	148	50	0
2	8.35	12456	149	50	0
1	8.4	36533	149	54	0
2	8.4	12456	149	50	0
1	8.45	36599	150	54	0
2	8.45	12541	150	54	0
1	8.5	36665	151	51	0
2	8.5	12626	151	51	0
1	8.55	36665	151	51	0
2	8.55	12711	152	51	0
1	8.6	36731	152	51	0
2	8.6	12711	152	51	0
1	8.65	36797	153	51	0
2	8.65	12796	153	51	0
1	8.7	36863	154	54	0
2	8.7	12881	154	54	0
1	8.75	36863	154	54	0
2	8.75	12966	155	54	0
1	8.8	36929	155	54	0
2	8.8	12966	155	54	0
1	8.85	36995	156	54	0
2	8.85	13051	156	54	0
1	8.9	37061	157	52	0
2	8.9	13136	157	52	0
1	8.95	37127	158	52	0
2	8.95	13221	158	52	0
1	9	37127	158	52	0
2	9	13306	159	52	0
1	9.05	37198	159	52	0
2	9.05	13306	159	52	0
1	9.1	37264	160	52	0
2	9.1	13391	160	52	0
1	9.15	37330	161	52	0
2	9.15	13476	161	52	0
1	9.2	37330	161	52	0
2	9.2	13561	162	51	0
1	9.25	37396	162	51	0
2	9.25	13561	162	51	0
1	9.3	37462	163	54	0
2	9.3	13646	163	54	0
1	9.35	37528	164	54	0
2	9.35	13731	164	54	0
1	9.4	37528	164	54	0
2	9.4	13816	165	52	0
1	9.45	37594	165	52	0
2	9.45	13816	165	52	0
1	9.5	37660	166	50	0
2	9.5	13901	166	50	0
1	9.55	37726	167	50	0
2	9.55	13986	167	50	0
1	9.6	37792	168	54	0
2	9.6	14071	168	54	0
1	9.65	37792	168	54	0
2	9.65	14156	169	54	0
1	9.7	37858	169	52	0
2	9.7	14156	169	54	0
1	9.75	37929	170	52	0
2	9.75	14241	170	52	0
1	9.8	37995	171	52	0
2	9.8	14326	171	52	0
1	9.85	37995	171	52	0
2	9.85	14411	172	52	0
1	9.9	38061	172	54	0
2	9.9	14411	172	52	0
1	9.95	38127	173	54	0
2	9.95	14496	173	54	0
1	10	38193	174	52	0
2	10	14581	174	52	0
1	10.05	38259	175	52	0
2	10.05	14666	175	52	0
1	10.1	38259	175	52	0
2	10.1	14666	175	52	0
1	10.15	38325	176	52	0
2	10.15	14751	176	52	0
1	10.2	38391	177	54	0
2	10.2	14836	177	54	0
1	10.25	38457	178	54	0
2	10.25	14921	178	54	0
1	10.3	38457	178	54	0
2	10.3	14921	178	54	0
1	10.35	38523	179	53	0
2	10.35	15006	179	53	0
1	10.4	38589	180	52	0
2	10.4	15091	180	52	0
1	10.45	38660	181	52	0
2	10.45	15176	181	52	0
1	10.5	38660	181	52	0
2	10.5	15261	182	51	0
1	10.55	38726	182	51	0
2	10.55	15261	182	51	0
1	10.6	38792	183	54	0
2	10.6	15346	183	54	0
1	10.65	38858	184	54	0
2	10.65	15431	184	54	0
1	10.7	38858	184	54	0
2	10.7	15516	185	52	0
1	10.75	38924	185	52	0
2	10.75	15516	185	52	0
1	10.8	38990	186	51	0
2	10.8	15601	186	51	0
1	10.85	39056	187	51	0
2	10.85	15686	187	51	0
1	10.9	39122	188	51	0
2	10.9	15771	188	51	0
1	10.95	39122	188	51	0
2	10.95	15856	189	51	0
1	11	39188	189	50	0
2	11	15856	189	51	0
1	11.05	39254	190	50	0
2	11.05	15941	190	50	0
1	11.1	39320	191	53	0
2	11.1	16026	191	53	0
1	11.15	39320	191	53	0
2	11.15	16111	192	53	0
1	11.2	39391	192	52	0
2	11.2	16111	192	53	0
1	11.25	39457	193	52	0
2	11.25	16196	193	52	0
1	11.3	39523	194	54	0
2	11.3	16281	194	54	0
1	11.35	39589	195	54	0
2	11.35	16366	195	54	0
1	11.4	39589	195	54	0
2	11.4	16366	195	54	0
1	11.45	39655	196	54	0
2	11.45	16451	196	54	0
1	11.5	39721	197	51	0
2	11.5	16536	197	51	0
1	11.55	39787	198	51	0
2	11.55	16621	198	51	0
1	11.6	39787	198	51	0
2	11.6	16706	199	50	0
1	11.65	39853	199	50	0
2	11.65	16706	199	50	0
1	11.7	39919	200	53	0
2	11.7	16791	200	53	0
1	11.75	39985	201	53	0
2	11.75	16876	201	53	0
1	11.8	39985	201	53	0
2	11.8	16961	202	54	0
1	11.85	40051	202	54	0
2	11.85	16961	202	54	0
1	11.9	40122	203	54	0
2	11.9	17046	203	54	0
1	11.95	40188	204	54	0
2	11.95	17131	204	54	0
1	12	40188	204	54	0
2	12	17216	205	54	0
1	12.05	40254	205	54	0
2	12.05	17216	205	54	0
1	12.1	40320	206	53	0
2	12.1	17301	206	53	0
1	12.15	40386	207	53	0
2	12.15	17386	207	53	0
1	12.2	40386	207	53	0
2	12.2	17471	208	53	0
1	12.25	40452	208	53	0
2	12.25	17471	208	53	0
1	12.3	40518	209	51	0
2	12.3	17556	209	51	0
1	12.35	40584	210	51	0
2	12.35	17641	210	51	0
1	12.4	40650	211	50	0
2	12.4	17726	211	50	0
1	12.45	40650	211	50	0
2	12.45	17811	212	50	0
1	12.5	40716	212	51	0
2	12.5	17811	212	50	0
1	12.55	40782	213	51	0
2	12.55	17896	213	51	0
1	12.6	40853	214	52	0
2	12.6	17981	214	52	0
1	12.65	40919	215	52	0
2	12.65	18066	215	52	0
1	12.7	40919	215	52	0
2	12.7	18151	216	51	0
1	12.75	40985	216	51	0
2	12.75	18151	216	51	0
1	12.8	41051	217	50	0
2	12.8	18236	217	50	0
1	12.85	41117	218	50	0
2	12.85	18321	218	50	0
1	12.9	41183	219	50	0
2	12.9	18406	219	50	0
1	12.95	41183	219	50	0
2	12.95	18491	220	50	0
1	13	41249	220	54	0
2	13	18491	220	50	0
1	13.05	41315	221	54	0
2	13.05	18576	221	54	0
1	13.1	41381	222	50	0
2	13.1	18661	222	50	0
1	13.15	41381	222	50	0
2	13.15	18746	223	50	0
1	13.2	41447	223	51	0
2	13.2	18746	223	50	0
1	13.25	41513	224	51	0
2	13.25	18831	224	51	0
1	13.3	41584	225	52	0
2	13.3	18916	225	52	0
1	13.35	41584	225	52	0
2	13.35	19001	226	52	0
1	13.4	41650	226	52	0
2	13.4	19001	226	52	0
1	13.45	41716	227	53	0
2	13.45	19086	227	53	0
1	13.5	41782	228	54	0
2	13.5	19171	228	54	0
1	13.55	41848	229	54	0
2	13.55	19256	229	54	0
1	13.6	41848	229	54	0
2	13.6	19341	230	54	0
1	13.65	41914	230	54	0
2	13.65	19341	230	54	0
1	13.7	41980	231	51	0
2	13.7	19426	231	51	0
1	13.75	42046	232	51	0
2	13.75	19511	232	51	0
1	13.8	42046	232	51	0
2	13.8	19596	233	51	0
1	13.85	42112	233	51	0
2	13.85	19596	233	51	0
1	13.9	42178	234	54	0
2	13.9	19681	234	54	0
1	13.95	42244	235	54	0
2	13.95	19766	235	54	0
1	14	42244	235	54	0
2	14	19851	236	50	0
1	14.05	42315	236	50	0
2	14.05	19851	236	50	0
1	14.1	42381	237	53	0
2	14.1	19936	237	53	0
1	14.15	42447	238	53	0
2	14.15	20021	238	53	0
1	14.2	42513	239	52	0
2	14.2	20106	239	52	0
1	14.25	42513	239	52	0
2	14.25	20191	240	52	0
1	14.3	42579	240	51	0
2	14.3	20191	240	52	0
1	14.35	42645	241	51	0
2	14.35	20276	241	51	0
1	14.4	42711	242	50	0
2	14.4	20361	242	50	0
1	14.45	42777	243	50	0
2	14.45	20446	243	50	0
1	14.5	42777	243	50	0
2	14.5	20446	243	50	0
1	14.55	42843	244	54	0
2	14.55	20531	244	54	0
1	14.6	42909	245	51	0
2	14.6	20616	245	51	0
1	14.65	42975	246	51	0
2	14.65	20701	246	51	0
1	14.7	42975	246	51	0
2	14.7	20786	247	52	0
1	14.75	43046	247	52	0
2	14.75	20786	247	52	0
1	14.8	43112	248	54	0
2	14.8	20871	248	54	0
1	14.85	43178	249	54	0
2	14.85	20956	249	54	0
1	14.9	43178	249	54	0
2	14.9	21041	250	53	0
1	14.95	43244	250	53	0
2	14.95	21041	250	53	0
1	15	43310	251	54	0
2	15	21126	251	54	0
1	15.05	43376	252	54	0
2	15.05	21211	252	54	0
1	15.1	43376	252	54	0
2	15.1	21296	253	50	0
1	15.15	43442	253	50	0
2	15.15	21296	253	50	0
1	15.2	43508	254	50	0
2	15.2	21381	254	50	0
1	15.25	43574	255	50	0
2	15.25	21466	255	50	0
1	15.3	43641	256	53	0
2	15.3	21552	256	53	0
1	15.35	43641	256	53	0
2	15.35	21638	257	53	0
1	15.4	43708	257	51	0
2	15.4	21638	257	53	0
1	15.45	43780	258	51	0
2	15.45	21724	258	51	0
1	15.5	43847	259	53	0
2	15.5	21810	259	53	0
1	15.55	43847	259	53	0
2	15.55	21896	260	53	0
1	15.6	43914	260	54	0
2	15.6	21896	260	53	0
1	15.65	43981	261	54	0
2	15.65	21982	261	54	0
1	15.7	44048	262	53	0
2	15.7	22068	262	53	0
1	15.75	44115	263	53	0
2	15.75	22154	263	53	0
1	15.8	44115	263	53	0
2	15.8	22154	263	53	0
1	15.85	44182	264	53	0
2	15.85	22240	264	53	0
1	15.9	44249	265	54	0
2	15.9	22326	265	54	0
1	15.95	44249	265	54	0
2	15.95	22412	266	54	0
1	16	44316	266	54	0
2	16	22412	266	54	0
1	16.05	44383	267	54	0
2	16.05	22498	267	54	0
1	16.1	44450	268	51	0
2	16.1	22584	268	51	0
1	16.15	44522	269	51	0
2	16.15	22670	269	51	0
1	16.2	44522	269	51	0
2	16.2	22756	270	53	0
1	16.25	44589	270	53	0
2	16.25	22756	270	53	0
1	16.3	44656	271	54	0
2	16.3	22842	271	54	0
1	16.35	44723	272	54	0
2	16.35	22928	272	54	0
1	16.4	44723	272	54	0
2	16.4	22928	272	54	0
1	16.45	44790	273	54	0
2	16.45	23014	273	54	0
1	16.5	44857	274	51	0
2	16.5	23100	274	51	0
1	16.55	44924	275	51	0
2	16.55	23186	275	51	0
1	16.6	44924	275	51	0
2	16.6	23272	276	52	0
1	16.65	44991	276	52	0
2	16.65	23272	276	52	0
1	16.7	45058	277	50	0
2	16.7	23358	277	50	0
1	16.75	45125	278	50	0
2	16.75	23444	278	50	0
1	16.8	45192	279	53	0
2	16.8	23530	279	53	0
1	16.85	45192	279	53	0
2	16.85	23616	280	53	0
1	16.9	45264	280	54	0
2	16.9	23616	280	53	0
1	16.95	45331	281	54	0
2	16.95	23702	281	54	0
1	17	45398	282	52	0
2	17	23788	282	52	0
1	17.05	45398	282	52	0
2	17.05	23874	283	52	0
1	17.1	45465	283	52	0
2	17.1	23874	283	52	0
1	17.15	45532	284	51	0
2	17.15	23960	284	51	0
1	17.2	45599	285	50	0
2	17.2	24046	285	50	0
1	17.25	45666	286	50	0
2	17.25	24132	286	50	0
1	17.3	45666	286	50	0
2	17.3	24132	286	50	0
1	17.35	45733	287	54	0
2	17.35	24218	287	54	0
1	17.4	45800	288	51	0
2	17.4	24304	288	51	0
1	17.45	45867	289	51	0
2	17.45	24390	289	51	0
1	17.5	45867	289	51	0
2	17.5	24476	290	52	0
1	17.55	45934	290	52	0
2	17.55	24476	290	52	0
1	17.6	46006	291	52	0
2	17.6	24562	291	52	0
1	17.65	46073	292	52	0
2	17.65	24648	292	52	0
1	17.7	46140	293	54	0
2	17.7	24734	293	54	0
1	17.75	46140	293	54	0
2	17.75	24820	294	54	0
1	17.8	46207	294	50	0
2	17.8	24820	294	54	0
1	17.85	46274	295	50	0
2	17.85	24906	295	50	0
1	17.9	46341	296	52	0
2	17.9	24992	296	52	0
1	17.95	46341	296	52	0
2	17.95	25078	297	52	0
1	18	46408	297	51	0
2	18	25078	297	52	0
1	18.05	46475	298	51	0
2	18.05	25164	298	51	0
1	18.1	46542	299	50	0
2	18.1	25250	299	50	0
1	18.15	46609	300	50	0
2	18.15	25336	300	50	0
1	18.2	46609	300	50	0
2	18.2	25336	300	50	0
1	18.25	46676	301	54	0
2	18.25	25422	301	54	0
1	18.3	46748	302	51	0
2	18.3	25508	302	51	0
1	18.35	46815	303	51	0
2	18.35	25594	303	51	0
1	18.4	46815	303	51	0
2	18.4	25680	304	54	0
1	18.45	46882	304	54	0
2	18.45	25680	304	54	0
1	18.5	46949	305	51	0
2	18.5	25766	305	51	0
1	18.55	47016	306	51	0
2	18.55	25852	306	51	0
1	18.6	47083	307	53	0
2	18.6	25938	307	53	0
1	18.65	47083	307	53	0
2	18.65	26024	308	53	0
1	18.7	47150	308	51	0
2	18.7	26024	308	53	0
1	18.75	47217	309	51	0
2	18.75	26110	309	51	0
1	18.8	47284	310	52	0
2	18.8	26196	310	52	0
1	18.85	47284	310	52	0
2	18.85	26282	311	52	0
1	18.9	47351	311	52	0
2	18.9	26282	311	52	0
1	18.95	47418	312	52	0
2	18.95	26368	312	52	0
1	19	47490	313	52	0
2	19	26454	313	52	0
1	19.05	47490	313	52	0
2	19.05	26540	314	52	0
1	19.1	47557	314	52	0
2	19.1	26540	314	52	0
1	19.15	47624	315	53	0
2	19.15	26626	315	53	0
1	19.2	47691	316	50	0
2	19.2	26712	316	50	0
1	19.25	47758	317	50	0
2	19.25	26798	317	50	0
1	19.3	47758	317	50	0
2	19.3	26884	318	54	0
1	19.35	47825	318	54	0
2	19.35	26884	318	54	0
1	19.4	47892	319	50	0
2	19.4	26970	319	50	0
1	19.45	47959	320	50	0
2	19.45	27056	320	50	0
1	19.5	48026	321	52	0
2	19.5	27142	321	52	0
1	19.55	48026	321	52	0
2	19.55	27228	322	52	0
1	19.6	48093	322	53	0
2	19.6	27228	322	52	0
1	19.65	48160	323	53	0
2	19.65	27314	323	53	0
1	19.7	48232	324	51	0
2	19.7	27400	324	51	0
1	19.75	48232	324	51	0
2	19.75	27486	325	51	0
1	19.8	48299	325	51	0
2	19.8	27486	325	51	0
1	19.85	48366	326	54	0
2	19.85	27572	326	54	0
1	19.9	48433	327	50	0
2	19.9	27658	327	50	0
1	19.95	48500	328	50	0
2	19.95	27744	328	50	0
1	20	48500	328	50	0
2	20	27830	329	50	0
1	20.05	48567	329	50	0
2	20.05	27830	329	50	0
1	20.1	48634	330	54	0
2	20.1	27916	330	54	0
1	20.15	48701	331	54	0
2	20.15	28002	331	54	0
1	20.2	48701	331	54	0
2	20.2	28088	332	53	0
1	20.25	48768	332	53	0
2	20.25	28088	332	53	0
1	20.3	48835	333	54	0
2	20.3	28174	333	54	0
1	20.35	48902	334	54	0
2	20.35	28260	334	54	0
1	20.4	48902	334	54	0
2	20.4	28346	335	51	0
1	20.45	48974	335	51	0
2	20.45	28346	335	51	0
1	20.5	49041	336	52	0
2	20.5	28432	336	52	0
1	20.55	49108	337	52	0
2	20.55	28518	337	52	0
1	20.6	49175	338	51	0
2	20.6	28604	338	51	0
1	20.65	49175	338	51	0
2	20.65	28604	338	51	0
1	20.7	49242	339	54	0
2	20.7	28690	339	51	0
1	20.75	49309	340	54	0
2	20.75	28776	340	54	0
1	20.8	49376	341	52	0
2	20.8	28862	341	52	0
1	20.85	49376	341	52	0
2	20.85	28948	342	52	0
1	20.9	49443	342	51	0
2	20.9	28948	342	52	0
1	20.95	49510	343	51	0
2	20.95	29034	343	51	0
1	21	49577	344	52	0
2	21	29120	344	52	0
1	21.05	49644	345	52	0
2	21.05	29206	345	52	0
1	21.1	49644	345	52	0
2	21.1	29206	345	52	0
1	21.15	49716	346	53	0
2	21.15	29292	346	53	0
1	21.2	49783	347	52	0
2	21.2	29378	347	52	0
1	21.25	49850	348	52	0
2	21.25	29464	348	52	0
1	21.3	49850	348	52	0
2	21.3	29550	349	52	0
1	21.35	49917	349	52	0
2	21.35	29550	349	52	0
1	21.4	49984	350	50	0
2	21.4	29636	350	50	0
1	21.45	50051	351	50	0
2	21.45	29722	351	50	0
1	21.5	50051	351	50	0
2	21.5	29808	352	54	0
1	21.55	50118	352	54	0
2	21.55	29808	352	54	0
1	21.6	50185	353	50	0
2	21.6	29894	353	50	0
1	21.65	50252	354	50	0
2	21.65	29980	354	50	0
1	21.7	50319	355	53	0
2	21.7	30066	355	53	0
1	21.75	50319	355	53	0
2	21.75	30152	356	53	0
1	21.8	50386	356	51	0
2	21.8	30152	356	53	0
1	21.85	50458	357	51	0
2	21.85	30238	357	51	0
1	21.9	50525	358	54	0
2	21.9	30324	358	54	0
1	21.95	50525	358	54	0
2	21.95	30410	359	54	0
1	22	50592	359	50	0
2	22	30410	359	54	0
1	22.05	50659	360	50	0
2	22.05	30496	360	50	0
1	22.1	50726	361	54	0
2	22.1	30582	361	54	0
1	22.15	50793	362	54	0
2	22.15	30668	362	54	0
1	22.2	50793	362	54	0
2	22.2	30668	362	54	0
1	22.25	50860	363	52	0
2	22.25	30754	363	52	0
1	22.3	50927	364	52	0
2	22.3	30840	364	52	0
1	22.35	50994	365	52	0
2	22.35	30926	365	52	0
1	22.4	50994	365	52	0
2	22.4	31012	366	52	0
1	22.45	51061	366	52	0
2	22.45	31012	366	52	0
1	22.5	51128	367	50	0
2	22.5	31098	367	50	0
1	22.55	51200	368	50	0
2	22.55	31184	368	50	0
1	22.6	51267	369	53	0
2	22.6	31270	369	53	0
1	22.65	51267	369	53	0
2	22.65	31356	370	53	0
1	22.7	51334	370	51	0
2	22.7	31356	370	53	0
1	22.75	51401	371	51	0
2	22.75	31442	371	51	0
1	22.8	51468	372	50	0
2	22.8	31528	372	50	0
1	22.85	51468	372	50	0
2	22.85	31614	373	50	0
1	22.9	51535	373	50	0
2	22.9	31614	373	50	0
1	22.95	51602	374	50	0
2	22.95	31700	374	50	0
1	23	51669	375	54	0
2	23	31786	375	54	0
1	23.05	51736	376	54	0
2	23.05	31872	376	54	0
1	23.1	51736	376	54	0
2	23.1	31958	377	50	0
1	23.15	51803	377	50	0
2	23.15	31958	377	50	0
1	23.2	51870	378	52	0
2	23.2	32044	378	52	0
1	23.25	51942	379	52	0
2	23.25	32130	379	52	0
1	23.3	51942	379	52	0
2	23.3	32216	380	51	0
1	23.35	52009	380	51	0
2	23.35	32216	380	51	0
1	23.4	52076	381	51	0
2	23.4	32302	381	51	0
1	23.45	52143	382	51	0
2	23.45	32388	382	51	0
1	23.5	52210	383	51	0
2	23.5	32474	383	51	0
1	23.55	52210	383	51	0
2	23.55	32560	384	51	0
1	23.6	52277	384	50	0
2	23.6	32560	384	51	0
1	23.65	52344	385	50	0
2	23.65	32646	385	50	0
1	23.7	52411	386	51	0
2	23.7	32732	386	51	0
1	23.75	52478	387	51	0
2	23.75	32818	387	51	0
1	23.8	52478	387	51	0
2	23.8	32904	388	51	0
1	23.85	52545	388	51	0
2	23.85	32904	388	51	0
1	23.9	52612	389	52	0
2	23.9	32990	389	52	0
1	23.95	52684	390	52	0
2	23.95	33076	390	52	0
1	24	52684	390	52	0
2	24	33162	391	52	0
1	24.05	52751	391	52	0
2	24.05	33162	391	52	0
1	24.1	52818	392	51	0
2	24.1	33248	392	51	0
1	24.15	52885	393	51	0
2	24.15	33334	393	51	0
1	24.2	52952	394	53	0
2	24.2	33420	394	53	0
1	24.25	52952	394	53	0
2	24.25	33420	394	53	0
1	24.3	53019	395	52	0
2	24.3	33506	395	53	0
1	24.35	53086	396	52	0
2	24.35	33592	396	52	0
1	24.4	53153	397	51	0
2	24.4	33678	397	51	0
1	24.45	53153	397	51	0
2	24.45	33764	398	51	0
1	24.5	53220	398	54	0
2	24.5	33764	398	51	0
1	24.55	53287	399	54	0
2	24.55	33850	399	54	0
1	24.6	53354	400	51	0
2	24.6	33936	400	51	0
1	24.65	53426	401	51	0
2	24.65	34022	401	51	0
1	24.7	53426	401	51	0
2	24.7	34022	401	51	0
1	24.75	53493	402	54	0
2	24.75	34108	402	54	0
1	24.8	53560	403	50	0
2	24.8	34194	403	50	0
1	24.85	53627	404	50	0
2	24.85	34280	404	50	0
1	24.9	53627	404	50	0
2	24.9	34366	405	51	0
1	24.95	53694	405	51	0
2	24.95	34366	405	51	0
1	25	53761	406	51	0
2	25	34452	406	51	0
1	25.05	53828	407	51	0
2	25.05	34538	407	51	0
1	25.1	53895	408	50	0
2	25.1	34624	408	50	0
1	25.15	53895	408	50	0
2	25.15	34710	409	50	0
1	25.2	53962	409	51	0
2	25.2	34710	409	50	0
1	25.25	54029	410	51	0
2	25.25	34796	410	51	0
1	25.3	54096	411	54	0
2	25.3	34882	411	54	0
1	25.35	54096	411	54	0
2	25.35	34968	412	54	0
1	25.4	54168	412	53	0
2	25.4	34968	412	54	0
1	25.45	54235	413	53	0
2	25.45	35054	413	53	0
1	25.5	54302	414	54	0
2	25.5	35140	414	54	0
1	25.55	54302	414	54	0
2	25.55	35226	415	54	0
1	25.6	54369	415	54	0
2	25.6	35226	415	54	0
1	25.65	54436	416	54	0
2	25.65	35312	416	54	0
1	25.7	54503	417	53	0
2	25.7	35398	417	53	0
1	25.75	54503	417	53	0
2	25.75	35484	418	53	0
1	25.8	54570	418	53	0
2	25.8	35484	418	53	0
1	25.85	54637	419	53	0
2	25.85	35570	419	53	0
1	25.9	54704	420	52	0
2	25.9	35656	420	52	0
1	25.95	54771	421	52	0
2	25.95	35742	421	52	0
1	26	54771	421	52	0
2	26	35828	422	52	0
1	26.05	54838	422	52	0
2	26.05	35828	422	52	0
1	26.1	54910	423	54	0
2	26.1	35914	423	54	0
1	26.15	54977	424	54	0
2	26.15	36000	424	54	0
1	26.2	54977	424	54	0
2	26.2	36086	425	50	0
1	26.25	55044	425	50	0
2	26.25	36086	425	50	0
1	26.3	55111	426	50	0
2	26.3	36172	426	50	0
1	26.35	55178	427	50	0
2	26.35	36258	427	50	0
1	26.4	55245	428	52	0
2	26.4	36344	428	52	0
1	26.45	55245	428	52	0
2	26.45	36430	429	52	0
1	26.5	55312	429	52	0
2	26.5	36430	429	52	0
1	26.55	55379	430	52	0
2	26.55	36516	430	52	0
1	26.6	55446	431	53	0
2	26.6	36602	431	53	0
1	26.65	55446	431	53	0
2	26.65	36688	432	53	0
1	26.7	55513	432	51	0
2	26.7	36688	432	53	0
1	26.75	55580	433	51	0
2	26.75	36774	433	51	0
1	26.8	55652	434	50	0
2	26.8	36860	434	50	0
1	26.85	55719	435	50	0
2	26.85	36946	435	50	0
1	26.9	55719	435	50	0
2	26.9	37032	436	50	0
1	26.95	55786	436	50	0
2	26.95	37032	436	50	0
1	27	55853	437	51	0
2	27	37118	437	51	0
1	27.05	55920	438	51	0
2	27.05	37204	438	51	0
1	27.1	55987	439	52	0
2	27.1	37290	439	52	0
1	27.15	55987	439	52	0
2	27.15	37290	439	52	0
1	27.2	56054	440	51	0
2	27.2	37376	440	52	0
1	27.25	56121	441	51	0
2	27.25	37462	441	51	0
1	27.3	56188	442	52	0
2	27.3	37548	442	52	0
1	27.35	56188	442	52	0
2	27.35	37634	443	52	0
1	27.4	56255	443	54	0
2	27.4	37634	443	52	0
1	27.45	56322	444	54	0
2	27.45	37720	444	54	0
1	27.5	56394	445	50	0
2	27.5	37806	445	50	0
1	27.55	56461	446	50	0
2	27.55	37892	446	50	0
1	27.6	56461	446	50	0
2	27.6	37978	447	51	0
1	27.65	56528	447	51	0
2	27.65	37978	447	51	0
1	27.7	56595	448	54	0
2	27.7	38064	448	54	0
1	27.75	56662	449	54	0
2	27.75	38150	449	54	0
1	27.8	56662	449	54	0
2	27.8	38150	449	54	0
1	27.85	56729	450	53	0
2	27.85	38236	450	53	0
1	27.9	56796	451	53	0
2	27.9	38322	451	53	0
1	27.95	56863	452	53	0
2	27.95	38408	452	53	0
1	28	56863	452	53	0
2	28	38494	453	50	0
1	28.05	56930	453	50	0
2	28.05	38494	453	50	0
1	28.1	56997	454	54	0
2	28.1	38580	454	54	0
1	28.15	57064	455	54	0
2	28.15	38666	455	54	0
1	28.2	57064	455	54	0
2	28.2	38752	456	54	0
1	28.25	57136	456	54	0
2	28.25	38752	456	54	0
1	28.3	57203	457	54	0
2	28.3	38838	457	54	0
1	28.35	57270	458	54	0
2	28.35	38924	458	54	0
1	28.4	57270	458	54	0
2	28.4	39010	459	53	0
1	28.45	57337	459	53	0
2	28.45	39010	459	53	0
1	28.5	57404	460	53	0
2	28.5	39096	460	53	0
1	28.55	57471	461	53	0
2	28.55	39182	461	53	0
1	28.6	57538	462	52	0
2	28.6	39268	462	52	0
1	28.65	57538	462	52	0
2	28.65	39268	462	52	0
1	28.7	57605	463	50	0
2	28.7	39354	463	52	0
1	28.75	57672	464	50	0
2	28.75	39440	464	50	0
1	28.8	57739	465	53	0
2	28.8	39526	465	53	0
1	28.85	57739	465	53	0
2	28.85	39612	466	53	0
1	28.9	57806	466	53	0
2	28.9	39612	466	53	0
1	28.95	57878	467	53	0
2	28.95	39698	467	53	0
1	29	57945	468	51	0
2	29	39784	468	51	0
1	29.05	57945	468	51	0
2	29.05	39870	469	51	0
1	29.1	58012	469	51	0
2	29.1	39870	469	51	0
1	29.15	58079	470	50	0
2	29.15	39956	470	50	0
1	29.2	58146	471	52	0
2	29.2	40042	471	52	0
1	29.25	58213	472	52	0
2	29.25	40128	472	52	0
1	29.3	58213	472	52	0
2	29.3	40214	473	54	0
1	29.35	58280	473	54	0
2	29.35	40214	473	54	0
1	29.4	58347	474	50	0
2	29.4	40300	474	50	0
1	29.45	58414	475	50	0
2	29.45	40386	475	50	0
1	29.5	58414	475	50	0
2	29.5	40472	476	54	0
1	29.55	58481	476	54	0
2	29.55	40472	476	54	0
1	29.6	58548	477	52	0
2	29.6	40558	477	52	0
1	29.65	58620	478	52	0
2	29.65	40644	478	52	0
1	29.7	58687	479	53	0
2	29.7	40730	479	53	0
1	29.75	58687	479	53	0
2	29.75	40816	480	53	0
1	29.8	58754	480	54	0
2	29.8	40816	480	53	0
1	29.85	58821	481	54	0
2	29.85	40902	481	54	0
1	29.9	58888	482	50	0
2	29.9	40988	482	50	0
1	29.95	58888	482	50	0
2	29.95	41074	483	50	0
