1	1.05	0	0	0	-nan
1	1.1	1260	1	53	-nan
2	1.1	0	0	0	-nan
1	1.15	1260	1	53	-nan
2	1.15	129	2	51	0
1	1.2	9838	7	52	0
2	1.2	129	2	51	0
1	1.25	9838	7	52	0
2	1.25	350	6	50	0
1	1.3	22026	16	55	0
2	1.3	408	7	51	0
1	1.35	25114	19	53	0
2	1.35	1236	17	51	0
1	1.4	25283	22	52	0
2	1.4	1491	20	52	0
1	1.45	25404	24	52	0
2	1.45	1746	23	52	0
1	1.5	25463	25	52	0
2	1.5	1916	25	52	0
1	1.55	27050	27	52	0
2	1.55	1916	25	52	0
1	1.6	27112	28	52	0
2	1.6	2171	28	52	0
1	1.65	27176	29	52	0
2	1.65	2256	29	52	0
1	1.7	28760	31	51	0
2	1.7	2341	30	51	0
1	1.75	28824	32	51	0
2	1.75	2511	32	51	0
1	1.8	28952	34	50	0
2	1.8	2596	33	50	0
1	1.85	29016	35	50	0
2	1.85	2766	35	50	0
1	1.9	29080	36	54	0
2	1.9	2851	36	54	0
1	1.95	29144	37	54	0
2	1.95	2936	37	54	0
1	2	29213	38	50	0
2	2	3021	38	50	0
1	2.05	29341	40	50	0
2	2.05	3106	39	50	0
1	2.1	29405	41	54	0
2	2.1	3276	41	54	0
1	2.15	29469	42	54	0
2	2.15	3361	42	54	0
1	2.2	29533	43	54	0
2	2.2	3361	42	54	0
1	2.25	29597	44	54	0
2	2.25	3531	44	54	0
1	2.3	29661	45	51	0
2	2.3	3616	45	51	0
1	2.35	29789	47	51	0
2	2.35	3701	46	51	0
1	2.4	29789	47	51	0
2	2.4	3786	47	53	0
1	2.45	29922	49	53	0
2	2.45	3871	48	53	0
1	2.5	29986	50	50	0
2	2.5	4041	50	50	0
1	2.55	30050	51	50	0
2	2.55	4126	51	50	0
1	2.6	30114	52	50	0
2	2.6	4211	52	50	0
1	2.65	30178	53	50	0
2	2.65	4296	53	50	0
1	2.7	30306	55	52	0
2	2.7	4381	54	52	0
1	2.75	30370	56	52	0
2	2.75	4551	56	52	0
1	2.8	30434	57	51	0
2	2.8	4636	57	51	0
1	2.85	30498	58	51	0
2	2.85	4721	58	51	0
1	2.9	30562	59	51	0
2	2.9	4806	59	51	0
1	2.95	30695	61	51	0
2	2.95	4891	60	51	0
1	3	30759	62	50	0
2	3	5061	62	50	0
1	3.05	30823	63	50	0
2	3.05	5146	63	50	0
1	3.1	30887	64	52	0
2	3.1	5231	64	52	0
1	3.15	30951	65	52	0
2	3.15	5316	65	52	0
1	3.2	31083	67	51	0
2	3.2	5401	66	51	0
1	3.25	31149	68	51	0
2	3.25	5571	68	51	0
1	3.3	31215	69	53	0
2	3.3	5656	69	53	0
1	3.35	31281	70	53	0
2	3.35	5656	69	53	0
1	3.4	31352	71	54	0
2	3.4	5826	71	54	0
1	3.45	31418	72	54	0
2	3.45	5911	72	54	0
1	3.5	31484	73	52	0
2	3.5	5996	73	52	0
1	3.55	31550	74	52	0
2	3.55	6081	74	52	0
1	3.6	31682	76	51	0
2	3.6	6166	75	51	0
1	3.65	31748	77	51	0
2	3.65	6336	77	51	0
1	3.7	31814	78	52	0
2	3.7	6421	78	52	0
1	3.75	31880	79	52	0
2	3.75	6506	79	52	0
1	3.8	31946	80	54	0
2	3.8	6591	80	54	0
1	3.85	32083	82	54	0
2	3.85	6676	81	54	0
1	3.9	32149	83	51	0
2	3.9	6846	83	51	0
1	3.95	32215	84	51	0
2	3.95	6931	84	51	0
1	4	32281	85	52	0
2	4	7016	85	52	0
1	4.05	32347	86	52	0
2	4.05	7101	86	52	0
1	4.1	32413	87	54	0
2	4.1	7186	87	54	0
1	4.15	32479	88	54	0
2	4.15	7271	88	54	0
1	4.2	32545	89	54	0
2	4.2	7356	89	53	0
1	4.25	32677	91	53	0
2	4.25	7441	90	53	0
1	4.3	32743	92	54	0
2	4.3	7611	92	54	0
1	4.35	32814	93	54	0
2	4.35	7696	93	54	0
1	4.4	32880	94	53	0
2	4.4	7781	94	53	0
1	4.45	32946	95	53	0
2	4.45	7866	95	53	0
1	4.5	33078	97	51	0
2	4.5	7951	96	51	0
1	4.55	33144	98	51	0
2	4.55	8036	97	51	0
1	4.6	33210	99	52	0
2	4.6	8206	99	52	0
1	4.65	33276	100	52	0
2	4.65	8206	99	52	0
1	4.7	33342	101	51	0
2	4.7	8376	101	51	0
1	4.75	33408	102	51	0
2	4.75	8461	102	51	0
1	4.8	33474	103	54	0
2	4.8	8546	103	54	0
1	4.85	33545	104	54	0
2	4.85	8631	104	54	0
1	4.9	33677	106	54	0
2	4.9	8716	105	54	0
1	4.95	33743	107	54	0
2	4.95	8886	107	54	0
1	5	33809	108	53	0
2	5	8971	108	53	0
1	5.05	33875	109	53	0
2	5.05	9056	109	53	0
1	5.1	33941	110	53	0
2	5.1	9141	110	53	0
1	5.15	34007	111	53	0
2	5.15	9226	111	53	0
1	5.2	34139	113	54	0
2	5.2	9311	112	54	0
1	5.25	34139	113	54	0
2	5.25	9396	113	54	0
1	5.3	34276	115	54	0
2	5.3	9481	114	54	0
1	5.35	34342	116	54	0
2	5.35	9651	116	54	0
1	5.4	34408	117	51	0
2	5.4	9736	117	51	0
1	5.45	34474	118	51	0
2	5.45	9821	118	51	0
1	5.5	34540	119	53	0
2	5.5	9906	119	53	0
1	5.55	34606	120	53	0
2	5.55	9991	120	53	0
1	5.6	34738	122	53	0
2	5.6	10076	121	53	0
1	5.65	34804	123	53	0
2	5.65	10246	123	53	0
1	5.7	34870	124	51	0
2	5.7	10331	124	51	0
1	5.75	34936	125	51	0
2	5.75	10416	125	51	0
1	5.8	35007	126	51	0
2	5.8	10501	126	51	0
1	5.85	35139	128	51	0
2	5.85	10586	127	51	0
1	5.9	35139	128	51	0
2	5.9	10671	128	52	0
1	5.95	35271	130	52	0
2	5.95	10756	129	52	0
1	6	35337	131	51	0
2	6	10926	131	51	0
1	6.05	35403	132	51	0
2	6.05	11011	132	51	0
1	6.1	35469	133	50	0
2	6.1	11096	133	50	0
1	6.15	35535	134	50	0
2	6.15	11181	134	50	0
1	6.2	35667	136	53	0
2	6.2	11266	135	53	0
1	6.25	35738	137	53	0
2	6.25	11436	137	53	0
1	6.3	35804	138	54	0
2	6.3	11521	138	54	0
1	6.35	35870	139	54	0
2	6.35	11606	139	54	0
1	6.4	35936	140	50	0
2	6.4	11691	140	50	0
1	6.45	36068	142	50	0
2	6.45	11776	141	50	0
1	6.5	36134	143	54	0
2	6.5	11861	142	54	0
1	6.55	36134	143	54	0
2	6.55	12031	144	54	0
1	6.6	36266	145	54	0
2	6.6	12031	144	54	0
1	6.65	36332	146	54	0
2	6.65	12201	146	54	0
1	6.7	36398	147	51	0
2	6.7	12286	147	51	0
1	6.75	36469	148	51	0
2	6.75	12371	148	51	0
1	6.8	36535	149	51	0
2	6.8	12456	149	51	0
1	6.85	36667	151	51	0
2	6.85	12541	150	51	0
1	6.9	36733	152	53	0
2	6.9	12711	152	53	0
1	6.95	36799	153	53	0
2	6.95	12796	153	53	0
1	7	36865	154	52	0
2	7	12881	154	52	0
1	7.05	36931	155	52	0
2	7.05	12966	155	52	0
1	7.1	37063	157	51	0
2	7.1	13051	156	51	0
1	7.15	37129	158	51	0
2	7.15	13221	158	51	0
1	7.2	37200	159	52	0
2	7.2	13306	159	52	0
1	7.25	37266	160	52	0
2	7.25	13306	159	52	0
1	7.3	37332	161	52	0
2	7.3	13476	161	52	0
1	7.35	37398	162	52	0
2	7.35	13561	162	52	0
1	7.4	37530	164	52	0
2	7.4	13646	163	52	0
1	7.45	37530	164	52	0
2	7.45	13731	164	52	0
1	7.5	37662	166	51	0
2	7.5	13816	165	52	0
1	7.55	37728	167	51	0
2	7.55	13986	167	51	0
1	7.6	37794	168	54	0
2	7.6	14071	168	54	0
1	7.65	37860	169	54	0
2	7.65	14156	169	54	0
1	7.7	37931	170	52	0
2	7.7	14241	170	52	0
1	7.75	38063	172	52	0
2	7.75	14326	171	52	0
1	7.8	38129	173	50	0
2	7.8	14496	173	50	0
1	7.85	38195	174	50	0
2	7.85	14581	174	50	0
1	7.9	38261	175	52	0
2	7.9	14666	175	52	0
1	7.95	38327	176	52	0
2	7.95	14751	176	52	0
1	8	38393	177	53	0
2	8	14836	177	53	0
1	8.05	38525	179	53	0
2	8.05	14921	178	53	0
1	8.1	38525	179	53	0
2	8.1	15091	180	50	0
1	8.15	38589	180	50	0
2	8.15	15091	180	50	0
1	8.2	38660	181	54	0
2	8.2	15176	181	54	0
1	8.25	38726	182	54	0
2	8.25	15261	182	54	0
1	8.3	38726	182	54	0
2	8.3	15346	183	50	0
1	8.35	38792	183	50	0
2	8.35	15346	183	50	0
1	8.4	38858	184	52	0
2	8.4	15431	184	52	0
1	8.45	38924	185	52	0
2	8.45	15516	185	52	0
1	8.5	38990	186	51	0
2	8.5	15601	186	51	0
1	8.55	38990	186	51	0
2	8.55	15686	187	51	0
1	8.6	39056	187	51	0
2	8.6	15686	187	51	0
1	8.65	39122	188	51	0
2	8.65	15771	188	51	0
1	8.7	39188	189	54	0
2	8.7	15856	189	54	0
1	8.75	39188	189	54	0
2	8.75	15941	190	54	0
1	8.8	39254	190	54	0
2	8.8	15941	190	54	0
1	8.85	39320	191	54	0
2	8.85	16026	191	54	0
1	8.9	39391	192	50	0
2	8.9	16111	192	50	0
1	8.95	39457	193	50	0
2	8.95	16196	193	50	0
1	9	39457	193	50	0
2	9	16281	194	51	0
1	9.05	39523	194	51	0
2	9.05	16281	194	51	0
1	9.1	39589	195	52	0
2	9.1	16366	195	52	0
1	9.15	39655	196	52	0
2	9.15	16451	196	52	0
1	9.2	39655	196	52	0
2	9.2	16536	197	54	0
1	9.25	39721	197	54	0
2	9.25	16536	197	54	0
1	9.3	39787	198	53	0
2	9.3	16621	198	53	0
1	9.35	39853	199	53	0
2	9.35	16706	199	53	0
1	9.4	39919	200	54	0
2	9.4	16791	200	54	0
1	9.45	39919	200	54	0
2	9.45	16791	200	54	0
1	9.5	39985	201	50	0
2	9.5	16876	201	54	0
1	9.55	40051	202	50	0
2	9.55	16961	202	50	0
1	9.6	40122	203	51	0
2	9.6	17046	203	51	0
1	9.65	40122	203	51	0
2	9.65	17131	204	51	0
1	9.7	40188	204	53	0
2	9.7	17131	204	51	0
1	9.75	40254	205	53	0
2	9.75	17216	205	53	0
1	9.8	40320	206	52	0
2	9.8	17301	206	52	0
1	9.85	40320	206	52	0
2	9.85	17386	207	52	0
1	9.9	40386	207	50	0
2	9.9	17386	207	52	0
1	9.95	40452	208	50	0
2	9.95	17471	208	50	0
1	10	40518	209	50	0
2	10	17556	209	50	0
1	10.05	40584	210	50	0
2	10.05	17641	210	50	0
1	10.1	40584	210	50	0
2	10.1	17726	211	50	0
1	10.15	40650	211	50	0
2	10.15	17726	211	50	0
1	10.2	40716	212	53	0
2	10.2	17811	212	53	0
1	10.25	40782	213	53	0
2	10.25	17896	213	53	0
1	10.3	40853	214	50	0
2	10.3	17981	214	50	0
1	10.35	40853	214	50	0
2	10.35	18066	215	50	0
1	10.4	40919	215	51	0
2	10.4	18066	215	50	0
1	10.45	40985	216	51	0
2	10.45	18151	216	51	0
1	10.5	41051	217	54	0
2	10.5	18236	217	54	0
1	10.55	41051	217	54	0
2	10.55	18321	218	54	0
1	10.6	41117	218	54	0
2	10.6	18321	218	54	0
1	10.65	41183	219	54	0
2	10.65	18406	219	54	0
1	10.7	41249	220	53	0
2	10.7	18491	220	53	0
1	10.75	41249	220	53	0
2	10.75	18576	221	53	0
1	10.8	41315	221	53	0
2	10.8	18576	221	53	0
1	10.85	41381	222	51	0
2	10.85	18661	222	51	0
1	10.9	41447	223	50	0
2	10.9	18746	223	50	0
1	10.95	41513	224	50	0
2	10.95	18831	224	50	0
1	11	41513	224	50	0
2	11	18916	225	52	0
1	11.05	41584	225	52	0
2	11.05	18916	225	52	0
1	11.1	41650	226	50	0
2	11.1	19001	226	50	0
1	11.15	41716	227	50	0
2	11.15	19086	227	50	0
1	11.2	41716	227	50	0
2	11.2	19171	228	54	0
1	11.25	41782	228	54	0
2	11.25	19171	228	54	0
1	11.3	41848	229	53	0
2	11.3	19256	229	53	0
1	11.35	41914	230	53	0
2	11.35	19341	230	53	0
1	11.4	41980	231	50	0
2	11.4	19426	231	50	0
1	11.45	41980	231	50	0
2	11.45	19511	232	50	0
1	11.5	42046	232	53	0
2	11.5	19511	232	50	0
1	11.55	42112	233	53	0
2	11.55	19596	233	53	0
1	11.6	42178	234	53	0
2	11.6	19681	234	53	0
1	11.65	42178	234	53	0
2	11.65	19766	235	53	0
1	11.7	42244	235	53	0
2	11.7	19766	235	53	0
1	11.75	42315	236	53	0
2	11.75	19851	236	53	0
1	11.8	42381	237	50	0
2	11.8	19936	237	50	0
1	11.85	42447	238	50	0
2	11.85	20021	238	50	0
1	11.9	42447	238	50	0
2	11.9	20106	239	50	0
1	11.95	42513	239	50	0
2	11.95	20106	239	50	0
1	12	42579	240	51	0
2	12	20191	240	51	0
1	12.05	42645	241	51	0
2	12.05	20276	241	51	0
1	12.1	42711	242	50	0
2	12.1	20361	242	50	0
1	12.15	42711	242	50	0
2	12.15	20446	243	50	0
1	12.2	42777	243	51	0
2	12.2	20446	243	50	0
1	12.25	42843	244	51	0
2	12.25	20531	244	51	0
1	12.3	42909	245	53	0
2	12.3	20616	245	53	0
1	12.35	42909	245	53	0
2	12.35	20701	246	53	0
1	12.4	42975	246	51	0
2	12.4	20701	246	53	0
1	12.45	43046	247	51	0
2	12.45	20786	247	51	0
1	12.5	43112	248	52	0
2	12.5	20871	248	52	0
1	12.55	43178	249	52	0
2	12.55	20956	249	52	0
1	12.6	43178	249	52	0
2	12.6	21041	250	53	0
1	12.65	43244	250	53	0
2	12.65	21041	250	53	0
1	12.7	43310	251	52	0
2	12.7	21126	251	52	0
1	12.75	43376	252	52	0
2	12.75	21211	252	52	0
1	12.8	43376	252	52	0
2	12.8	21296	253	51	0
1	12.85	43442	253	51	0
2	12.85	21296	253	51	0
1	12.9	43508	254	54	0
2	12.9	21381	254	54	0
1	12.95	43574	255	54	0
2	12.95	21466	255	54	0
1	13	43574	255	54	0
2	13	21552	256	54	0
1	13.05	43641	256	54	0
2	13.05	21552	256	54	0
1	13.1	43708	257	50	0
2	13.1	21638	257	50	0
1	13.15	43780	258	50	0
2	13.15	21724	258	50	0
1	13.2	43847	259	51	0
2	13.2	21810	259	51	0
1	13.25	43847	259	51	0
2	13.25	21896	260	51	0
1	13.3	43914	260	50	0
2	13.3	21896	260	51	0
1	13.35	43981	261	50	0
2	13.35	21982	261	50	0
1	13.4	44048	262	50	0
2	13.4	22068	262	50	0
1	13.45	44115	263	50	0
2	13.45	22154	263	50	0
1	13.5	44115	263	50	0
2	13.5	22240	264	51	0
1	13.55	44182	264	51	0
2	13.55	22240	264	51	0
1	13.6	44249	265	51	0
2	13.6	22326	265	51	0
1	13.65	44316	266	51	0
2	13.65	22412	266	51	0
1	13.7	44316	266	51	0
2	13.7	22498	267	52	0
1	13.75	44383	267	52	0
2	13.75	22498	267	52	0
1	13.8	44450	268	52	0
2	13.8	22584	268	52	0
1	13.85	44522	269	52	0
2	13.85	22670	269	52	0
1	13.9	44589	270	54	0
2	13.9	22756	270	54	0
1	13.95	44589	270	54	0
2	13.95	22756	270	54	0
1	14	44656	271	53	0
2	14	22842	271	54	0
1	14.05	44723	272	53	0
2	14.05	22928	272	53	0
1	14.1	44790	273	54	0
2	14.1	23014	273	54	0
1	14.15	44790	273	54	0
2	14.15	23100	274	54	0
1	14.2	44857	274	52	0
2	14.2	23100	274	54	0
1	14.25	44924	275	52	0
2	14.25	23186	275	52	0
1	14.3	44991	276	51	0
2	14.3	23272	276	51	0
1	14.35	44991	276	51	0
2	14.35	23358	277	51	0
1	14.4	45058	277	50	0
2	14.4	23358	277	51	0
1	14.45	45125	278	50	0
2	14.45	23444	278	50	0
1	14.5	45192	279	53	0
2	14.5	23530	279	53	0
1	14.55	45264	280	53	0
2	14.55	23616	280	53	0
1	14.6	45264	280	53	0
2	14.6	23616	280	53	0
1	14.65	45331	281	54	0
2	14.65	23702	281	54	0
1	14.7	45398	282	52	0
2	14.7	23788	282	52	0
1	14.75	45465	283	52	0
2	14.75	23874	283	52	0
1	14.8	45465	283	52	0
2	14.8	23960	284	54	0
1	14.85	45532	284	54	0
2	14.85	23960	284	54	0
1	14.9	45599	285	51	0
2	14.9	24046	285	51	0
1	14.95	45666	286	51	0
2	14.95	24132	286	51	0
1	15	45666	286	51	0
2	15	24218	287	54	0
1	15.05	45733	287	54	0
2	15.05	24218	287	54	0
1	15.1	45800	288	51	0
2	15.1	24304	288	51	0
1	15.15	45867	289	51	0
2	15.15	24390	289	51	0
1	15.2	45934	290	50	0
2	15.2	24476	290	50	0
1	15.25	45934	290	50	0
2	15.25	24562	291	50	0
1	15.3	46006	291	53	0
2	15.3	24562	291	50	0
1	15.35	46073	292	53	0
2	15.35	24648	292	53	0
1	15.4	46140	293	51	0
2	15.4	24734	293	51	0
1	15.45	46207	294	51	0
2	15.45	24820	294	51	0
1	15.5	46207	294	51	0
2	15.5	24820	294	51	0
1	15.55	46274	295	54	0
2	15.55	24906	295	54	0
1	15.6	46341	296	50	0
2	15.6	24992	296	50	0
1	15.65	46408	297	50	0
2	15.65	25078	297	50	0
1	15.7	46408	297	50	0
2	15.7	25164	298	51	0
1	15.75	46475	298	51	0
2	15.75	25164	298	51	0
1	15.8	46542	299	53	0
2	15.8	25250	299	53	0
1	15.85	46609	300	53	0
2	15.85	25336	300	53	0
1	15.9	46609	300	53	0
2	15.9	25422	301	51	0
1	15.95	46676	301	51	0
2	15.95	25422	301	51	0
1	16	46748	302	52	0
2	16	25508	302	52	0
1	16.05	46815	303	52	0
2	16.05	25594	303	52	0
1	16.1	46882	304	54	0
2	16.1	25680	304	54	0
1	16.15	46882	304	54	0
2	16.15	25766	305	54	0
1	16.2	46949	305	54	0
2	16.2	25766	305	54	0
1	16.25	47016	306	54	0
2	16.25	25852	306	54	0
1	16.3	47083	307	53	0
2	16.3	25938	307	53	0
1	16.35	47083	307	53	0
2	16.35	26024	308	53	0
1	16.4	47150	308	53	0
2	16.4	26024	308	53	0
1	16.45	47217	309	53	0
2	16.45	26110	309	53	0
1	16.5	47284	310	53	0
2	16.5	26196	310	53	0
1	16.55	47284	310	53	0
2	16.55	26282	311	53	0
1	16.6	47351	311	50	0
2	16.6	26282	311	53	0
1	16.65	47418	312	50	0
2	16.65	26368	312	50	0
1	16.7	47490	313	51	0
2	16.7	26454	313	51	0
1	16.75	47557	314	51	0
2	16.75	26540	314	51	0
1	16.8	47557	314	51	0
2	16.8	26626	315	53	0
1	16.85	47624	315	53	0
2	16.85	26626	315	53	0
1	16.9	47691	316	53	0
2	16.9	26712	316	53	0
1	16.95	47758	317	53	0
2	16.95	26798	317	53	0
1	17	47758	317	53	0
2	17	26884	318	54	0
1	17.05	47825	318	54	0
2	17.05	26884	318	54	0
1	17.1	47892	319	54	0
2	17.1	26970	319	54	0
1	17.15	47959	320	54	0
2	17.15	27056	320	54	0
1	17.2	47959	320	54	0
2	17.2	27142	321	51	0
1	17.25	48026	321	51	0
2	17.25	27142	321	51	0
1	17.3	48093	322	53	0
2	17.3	27228	322	53	0
1	17.35	48160	323	53	0
2	17.35	27314	323	53	0
1	17.4	48232	324	50	0
2	17.4	27400	324	50	0
1	17.45	48232	324	50	0
2	17.45	27400	324	50	0
1	17.5	48299	325	51	0
2	17.5	27486	325	50	0
1	17.55	48366	326	51	0
2	17.55	27572	326	51	0
1	17.6	48433	327	51	0
2	17.6	27658	327	51	0
1	17.65	48433	327	51	0
2	17.65	27744	328	51	0
1	17.7	48500	328	51	0
2	17.7	27744	328	51	0
1	17.75	48567	329	51	0
2	17.75	27830	329	51	0
1	17.8	48634	330	50	0
2	17.8	27916	330	50	0
1	17.85	48701	331	50	0
2	17.85	28002	331	50	0
1	17.9	48701	331	50	0
2	17.9	28088	332	51	0
1	17.95	48768	332	51	0
2	17.95	28088	332	51	0
1	18	48835	333	52	0
2	18	28174	333	52	0
1	18.05	48902	334	52	0
2	18.05	28260	334	52	0
1	18.1	48974	335	51	0
2	18.1	28346	335	51	0
1	18.15	48974	335	51	0
2	18.15	28346	335	51	0
1	18.2	49041	336	51	0
2	18.2	28432	336	51	0
1	18.25	49108	337	51	0
2	18.25	28518	337	51	0
1	18.3	49175	338	53	0
2	18.3	28604	338	53	0
1	18.35	49175	338	53	0
2	18.35	28690	339	53	0
1	18.4	49242	339	52	0
2	18.4	28690	339	53	0
1	18.45	49309	340	52	0
2	18.45	28776	340	52	0
1	18.5	49376	341	54	0
2	18.5	28862	341	54	0
1	18.55	49376	341	54	0
2	18.55	28948	342	54	0
1	18.6	49443	342	53	0
2	18.6	28948	342	54	0
1	18.65	49510	343	53	0
2	18.65	29034	343	53	0
1	18.7	49577	344	53	0
2	18.7	29120	344	53	0
1	18.75	49577	344	53	0
2	18.75	29206	345	53	0
1	18.8	49644	345	53	0
2	18.8	29206	345	53	0
1	18.85	49716	346	50	0
2	18.85	29292	346	50	0
1	18.9	49783	347	52	0
2	18.9	29378	347	52	0
1	18.95	49850	348	52	0
2	18.95	29464	348	52	0
1	19	49850	348	52	0
2	19	29550	349	54	0
1	19.05	49917	349	54	0
2	19.05	29550	349	54	0
1	19.1	49984	350	53	0
2	19.1	29636	350	53	0
1	19.15	50051	351	53	0
2	19.15	29722	351	53	0
1	19.2	50051	351	53	0
2	19.2	29808	352	54	0
1	19.25	50118	352	54	0
2	19.25	29808	352	54	0
1	19.3	50185	353	53	0
2	19.3	29894	353	53	0
1	19.35	50252	354	53	0
2	19.35	29980	354	53	0
1	19.4	50252	354	53	0
2	19.4	30066	355	51	0
1	19.45	50319	355	51	0
2	19.45	30066	355	51	0
1	19.5	50386	356	50	0
2	19.5	30152	356	50	0
1	19.55	50458	357	50	0
2	19.55	30238	357	50	0
1	19.6	50525	358	54	0
2	19.6	30324	358	54	0
1	19.65	50525	358	54	0
2	19.65	30410	359	54	0
1	19.7	50592	359	53	0
2	19.7	30410	359	54	0
1	19.75	50659	360	53	0
2	19.75	30496	360	53	0
1	19.8	50726	361	52	0
2	19.8	30582	361	52	0
1	19.85	50726	361	52	0
2	19.85	30668	362	52	0
1	19.9	50793	362	50	0
2	19.9	30668	362	52	0
1	19.95	50860	363	50	0
2	19.95	30754	363	50	0
1	20	50927	364	52	0
2	20	30840	364	52	0
1	20.05	50994	365	52	0
2	20.05	30926	365	52	0
1	20.1	50994	365	52	0
2	20.1	31012	366	50	0
1	20.15	51061	366	50	0
2	20.15	31012	366	50	0
1	20.2	51128	367	52	0
2	20.2	31098	367	52	0
1	20.25	51200	368	52	0
2	20.25	31184	368	52	0
1	20.3	51200	368	52	0
2	20.3	31270	369	52	0
1	20.35	51267	369	52	0
2	20.35	31270	369	52	0
1	20.4	51334	370	51	0
2	20.4	31356	370	51	0
1	20.45	51401	371	51	0
2	20.45	31442	371	51	0
1	20.5	51468	372	51	0
2	20.5	31528	372	51	0
1	20.55	51468	372	51	0
2	20.55	31614	373	51	0
1	20.6	51535	373	51	0
2	20.6	31614	373	51	0
1	20.65	51602	374	51	0
2	20.65	31700	374	51	0
1	20.7	51669	375	51	0
2	20.7	31786	375	51	0
1	20.75	51736	376	51	0
2	20.75	31872	376	51	0
1	20.8	51736	376	51	0
2	20.8	31958	377	52	0
1	20.85	51803	377	52	0
2	20.85	31958	377	52	0
1	20.9	51870	378	54	0
2	20.9	32044	378	54	0
1	20.95	51942	379	54	0
2	20.95	32130	379	54	0
1	21	51942	379	54	0
2	21	32216	380	50	0
1	21.05	52009	380	50	0
2	21.05	32216	380	50	0
1	21.1	52076	381	53	0
2	21.1	32302	381	53	0
1	21.15	52143	382	53	0
2	21.15	32388	382	53	0
1	21.2	52143	382	53	0
2	21.2	32474	383	52	0
1	21.25	52210	383	52	0
2	21.25	32474	383	52	0
1	21.3	52277	384	54	0
2	21.3	32560	384	54	0
1	21.35	52344	385	54	0
2	21.35	32646	385	54	0
1	21.4	52344	385	54	0
2	21.4	32732	386	51	0
1	21.45	52411	386	51	0
2	21.45	32732	386	51	0
1	21.5	52478	387	51	0
2	21.5	32818	387	51	0
1	21.55	52545	388	51	0
2	21.55	32904	388	51	0
1	21.6	52612	389	51	0
2	21.6	32990	389	51	0
1	21.65	52612	389	51	0
2	21.65	33076	390	51	0
1	21.7	52684	390	50	0
2	21.7	33076	390	51	0
1	21.75	52751	391	50	0
2	21.75	33162	391	50	0
1	21.8	52818	392	50	0
2	21.8	33248	392	50	0
1	21.85	52885	393	50	0
2	21.85	33334	393	50	0
1	21.9	52885	393	50	0
2	21.9	33420	394	54	0
1	21.95	52952	394	54	0
2	21.95	33420	394	54	0
1	22	53019	395	51	0
2	22	33506	395	51	0
1	22.05	53086	396	51	0
2	22.05	33592	396	51	0
1	22.1	53086	396	51	0
2	22.1	33678	397	51	0
1	22.15	53153	397	51	0
2	22.15	33678	397	51	0
1	22.2	53220	398	53	0
2	22.2	33764	398	53	0
1	22.25	53287	399	53	0
2	22.25	33850	399	53	0
1	22.3	53354	400	52	0
2	22.3	33936	400	52	0
1	22.35	53354	400	52	0
2	22.35	34022	401	52	0
1	22.4	53426	401	54	0
2	22.4	34022	401	52	0
1	22.45	53493	402	54	0
2	22.45	34108	402	54	0
1	22.5	53560	403	53	0
2	22.5	34194	403	53	0
1	22.55	53560	403	53	0
2	22.55	34280	404	53	0
1	22.6	53627	404	53	0
2	22.6	34280	404	53	0
1	22.65	53694	405	53	0
2	22.65	34366	405	53	0
1	22.7	53761	406	53	0
2	22.7	34452	406	53	0
1	22.75	53761	406	53	0
2	22.75	34538	407	53	0
1	22.8	53828	407	52	0
2	22.8	34538	407	53	0
1	22.85	53895	408	52	0
2	22.85	34624	408	52	0
1	22.9	53962	409	50	0
2	22.9	34710	409	50	0
1	22.95	54029	410	50	0
2	22.95	34796	410	50	0
1	23	54029	410	50	0
2	23	34882	411	54	0
1	23.05	54096	411	54	0
2	23.05	34882	411	54	0
1	23.1	54168	412	54	0
2	23.1	34968	412	54	0
1	23.15	54235	413	54	0
2	23.15	35054	413	54	0
1	23.2	54235	413	54	0
2	23.2	35054	413	54	0
1	23.25	54302	414	54	0
2	23.25	35140	414	54	0
1	23.3	54369	415	51	0
2	23.3	35226	415	51	0
1	23.35	54436	416	51	0
2	23.35	35312	416	51	0
1	23.4	54436	416	51	0
2	23.4	35398	417	54	0
1	23.45	54503	417	54	0
2	23.45	35398	417	54	0
1	23.5	54570	418	52	0
2	23.5	35484	418	52	0
1	23.55	54637	419	52	0
2	23.55	35570	419	52	0
1	23.6	54637	419	52	0
2	23.6	35656	420	54	0
1	23.65	54704	420	54	0
2	23.65	35656	420	54	0
1	23.7	54771	421	52	0
2	23.7	35742	421	52	0
1	23.75	54838	422	52	0
2	23.75	35828	422	52	0
1	23.8	54910	423	51	0
2	23.8	35914	423	51	0
1	23.85	54910	423	51	0
2	23.85	36000	424	51	0
1	23.9	54977	424	51	0
2	23.9	36000	424	51	0
1	23.95	55044	425	51	0
2	23.95	36086	425	51	0
1	24	55111	426	53	0
2	24	36172	426	53	0
1	24.05	55111	426	53	0
2	24.05	36258	427	53	0
1	24.1	55178	427	51	0
2	24.1	36258	427	53	0
1	24.15	55245	428	51	0
2	24.15	36344	428	51	0
1	24.2	55312	429	50	0
2	24.2	36430	429	50	0
1	24.25	55379	430	50	0
2	24.25	36516	430	50	0
1	24.3	55379	430	50	0
2	24.3	36602	431	52	0
1	24.35	55446	431	52	0
2	24.35	36602	431	52	0
1	24.4	55513	432	51	0
2	24.4	36688	432	51	0
1	24.45	55580	433	51	0
2	24.45	36774	433	51	0
1	24.5	55652	434	52	0
2	24.5	36860	434	52	0
1	24.55	55652	434	52	0
2	24.55	36946	435	52	0
1	24.6	55719	435	52	0
2	24.6	36946	435	52	0
1	24.65	55786	436	52	0
2	24.65	37032	436	52	0
1	24.7	55853	437	50	0
2	24.7	37118	437	50	0
1	24.75	55853	437	50	0
2	24.75	37204	438	50	0
1	24.8	55920	438	51	0
2	24.8	37204	438	50	0
1	24.85	55987	439	51	0
2	24.85	37290	439	51	0
1	24.9	56054	440	50	0
2	24.9	37376	440	50	0
1	24.95	56121	441	50	0
2	24.95	37462	441	50	0
1	25	56121	441	50	0
2	25	37548	442	52	0
1	25.05	56188	442	52	0
2	25.05	37548	442	52	0
1	25.1	56255	443	54	0
2	25.1	37634	443	54	0
1	25.15	56322	444	54	0
2	25.15	37720	444	54	0
1	25.2	56322	444	54	0
2	25.2	37806	445	50	0
1	25.25	56394	445	50	0
2	25.25	37806	445	50	0
1	25.3	56461	446	50	0
2	25.3	37892	446	50	0
1	25.35	56528	447	50	0
2	25.35	37978	447	50	0
1	25.4	56595	448	51	0
2	25.4	38064	448	51	0
1	25.45	56595	448	51	0
2	25.45	38150	449	51	0
1	25.5	56662	449	51	0
2	25.5	38150	449	51	0
1	25.55	56729	450	51	0
2	25.55	38236	450	51	0
1	25.6	56796	451	53	0
2	25.6	38322	451	53	0
1	25.65	56863	452	53	0
2	25.65	38408	452	53	0
1	25.7	56863	452	53	0
2	25.7	38408	452	53	0
1	25.75	56930	453	53	0
2	25.75	38494	453	53	0
1	25.8	56997	454	51	0
2	25.8	38580	454	51	0
1	25.85	57064	455	51	0
2	25.85	38666	455	51	0
1	25.9	57064	455	51	0
2	25.9	38752	456	52	0
1	25.95	57136	456	52	0
2	25.95	38752	456	52	0
1	26	57203	457	54	0
2	26	38838	457	54	0
1	26.05	57270	458	54	0
2	26.05	38924	458	54	0
1	26.1	57270	458	54	0
2	26.1	39010	459	50	0
1	26.15	57337	459	50	0
2	26.15	39010	459	50	0
1	26.2	57404	460	52	0
2	26.2	39096	460	52	0
1	26.25	57471	461	52	0
2	26.25	39182	461	52	0
1	26.3	57538	462	54	0
2	26.3	39268	462	54	0
1	26.35	57538	462	54	0
2	26.35	39268	462	54	0
1	26.4	57605	463	50	0
2	26.4	39354	463	54	0
1	26.45	57672	464	50	0
2	26.45	39440	464	50	0
1	26.5	57739	465	54	0
2	26.5	39526	465	54	0
1	26.55	57739	465	54	0
2	26.55	39612	466	54	0
1	26.6	57806	466	52	0
2	26.6	39612	466	54	0
1	26.65	57878	467	52	0
2	26.65	39698	467	52	0
1	26.7	57945	468	52	0
2	26.7	39784	468	52	0
1	26.75	57945	468	52	0
2	26.75	39870	469	52	0
1	26.8	58012	469	52	0
2	26.8	39870	469	52	0
1	26.85	58079	470	52	0
2	26.85	39956	470	52	0
1	26.9	58146	471	53	0
2	26.9	40042	471	53	0
1	26.95	58213	472	53	0
2	26.95	40128	472	53	0
1	27	58213	472	53	0
2	27	40128	472	53	0
1	27.05	58280	473	53	0
2	27.05	40214	473	53	0
1	27.1	58347	474	52	0
2	27.1	40300	474	52	0
1	27.15	58414	475	52	0
2	27.15	40386	475	52	0
1	27.2	58414	475	52	0
2	27.2	40472	476	52	0
1	27.25	58481	476	52	0
2	27.25	40472	476	52	0
1	27.3	58548	477	51	0
2	27.3	40558	477	51	0
1	27.35	58620	478	51	0
2	27.35	40644	478	51	0
1	27.4	58620	478	51	0
2	27.4	40730	479	54	0
1	27.45	58687	479	54	0
2	27.45	40730	479	54	0
1	27.5	58754	480	53	0
2	27.5	40816	480	53	0
1	27.55	58821	481	53	0
2	27.55	40902	481	53	0
1	27.6	58888	482	50	0
2	27.6	40988	482	50	0
1	27.65	58888	482	50	0
2	27.65	41074	483	50	0
1	27.7	58955	483	53	0
2	27.7	41074	483	50	0
1	27.75	59022	484	53	0
2	27.75	41160	484	53	0
1	27.8	59089	485	54	0
2	27.8	41246	485	54	0
1	27.85	59089	485	54	0
2	27.85	41332	486	54	0
1	27.9	59156	486	51	0
2	27.9	41332	486	54	0
1	27.95	59223	487	51	0
2	27.95	41418	487	51	0
1	28	59290	488	52	0
2	28	41504	488	52	0
1	28.05	59290	488	52	0
2	28.05	41590	489	52	0
1	28.1	59362	489	51	0
2	28.1	41590	489	52	0
1	28.15	59429	490	51	0
2	28.15	41676	490	51	0
1	28.2	59496	491	51	0
2	28.2	41762	491	51	0
1	28.25	59563	492	51	0
2	28.25	41848	492	51	0
1	28.3	59563	492	51	0
2	28.3	41934	493	52	0
1	28.35	59630	493	52	0
2	28.35	41934	493	52	0
1	28.4	59697	494	54	0
2	28.4	42020	494	54	0
1	28.45	59764	495	54	0
2	28.45	42106	495	54	0
1	28.5	59831	496	50	0
2	28.5	42192	496	50	0
1	28.55	59831	496	50	0
2	28.55	42278	497	50	0
1	28.6	59898	497	51	0
2	28.6	42278	497	50	0
1	28.65	59965	498	51	0
2	28.65	42364	498	51	0
1	28.7	60032	499	50	0
2	28.7	42450	499	50	0
1	28.75	60032	499	50	0
2	28.75	42536	500	50	0
1	28.8	60104	500	51	0
2	28.8	42536	500	50	0
1	28.85	60171	501	51	0
2	28.85	42622	501	51	0
1	28.9	60238	502	54	0
2	28.9	42708	502	54	0
1	28.95	60238	502	54	0
2	28.95	42794	503	54	0
1	29	60305	503	54	0
2	29	42794	503	54	0
1	29.05	60372	504	53	0
2	29.05	42880	504	53	0
1	29.1	60439	505	51	0
2	29.1	42966	505	51	0
1	29.15	60506	506	51	0
2	29.15	43052	506	51	0
1	29.2	60506	506	51	0
2	29.2	43138	507	54	0
1	29.25	60573	507	54	0
2	29.25	43138	507	54	0
1	29.3	60640	508	54	0
2	29.3	43224	508	54	0
1	29.35	60707	509	54	0
2	29.35	43310	509	54	0
1	29.4	60707	509	54	0
2	29.4	43396	510	51	0
1	29.45	60774	510	51	0
2	29.45	43396	510	51	0
1	29.5	60846	511	51	0
2	29.5	43482	511	51	0
1	29.55	60913	512	51	0
2	29.55	43568	512	51	0
1	29.6	60913	512	51	0
2	29.6	43654	513	53	0
1	29.65	60980	513	53	0
2	29.65	43654	513	53	0
1	29.7	61047	514	54	0
2	29.7	43740	514	54	0
1	29.75	61114	515	54	0
2	29.75	43826	515	54	0
1	29.8	61181	516	51	0
2	29.8	43912	516	51	0
1	29.85	61181	516	51	0
2	29.85	43998	517	51	0
1	29.9	61248	517	52	0
2	29.9	43998	517	51	0
1	29.95	61315	518	52	0
2	29.95	44084	518	52	0
