1	1.05	0	0	0	-nan
1	1.1	1260	1	53	-nan
2	1.1	0	0	0	-nan
1	1.15	1260	1	53	-nan
2	1.15	129	2	51	0
1	1.2	9838	7	53	0
2	1.2	129	2	51	0
1	1.25	9838	7	53	0
2	1.25	350	6	51	0
1	1.3	22026	16	58	0
2	1.3	408	7	53	0
1	1.35	25114	19	55	0
2	1.35	1093	15	53	0
1	1.4	25226	21	52	0
2	1.4	1491	20	52	0
1	1.45	25342	23	52	0
2	1.45	1661	22	52	0
1	1.5	25404	24	52	0
2	1.5	1831	24	53	0
1	1.55	26983	26	55	0
2	1.55	1916	25	53	0
1	1.6	27112	28	53	0
2	1.6	2086	27	53	0
1	1.65	27176	29	53	0
2	1.65	2256	29	53	0
1	1.7	28760	31	56	0
2	1.7	2341	30	54	0
1	1.75	28824	32	54	0
2	1.75	2511	32	54	0
1	1.8	28888	33	54	0
2	1.8	2596	33	54	0
1	1.85	29016	35	54	0
2	1.85	2681	34	54	0
1	1.9	29016	35	54	0
2	1.9	2851	36	51	0
1	1.95	29144	37	51	0
2	1.95	2851	36	51	0
1	2	29213	38	54	0
2	2	3021	38	54	0
1	2.05	29277	39	54	0
2	2.05	3106	39	54	0
1	2.1	29341	40	53	0
2	2.1	3191	40	53	0
1	2.15	29405	41	53	0
2	2.15	3276	41	53	0
1	2.2	29533	43	51	0
2	2.2	3361	42	51	0
1	2.25	29597	44	51	0
2	2.25	3531	44	51	0
1	2.3	29661	45	52	0
2	2.3	3616	45	52	0
1	2.35	29725	46	52	0
2	2.35	3701	46	52	0
1	2.4	29789	47	51	0
2	2.4	3786	47	51	0
1	2.45	29853	48	51	0
2	2.45	3871	48	51	0
1	2.5	29986	50	51	0
2	2.5	3956	49	51	0
1	2.55	30050	51	51	0
2	2.55	4126	51	51	0
1	2.6	30114	52	50	0
2	2.6	4211	52	50	0
1	2.65	30178	53	50	0
2	2.65	4296	53	50	0
1	2.7	30242	54	54	0
2	2.7	4381	54	54	0
1	2.75	30306	55	54	0
2	2.75	4466	55	54	0
1	2.8	30370	56	54	0
2	2.8	4551	56	53	0
1	2.85	30498	58	53	0
2	2.85	4636	57	53	0
1	2.9	30562	59	52	0
2	2.9	4806	59	52	0
1	2.95	30631	60	52	0
2	2.95	4891	60	52	0
1	3	30695	61	50	0
2	3	4976	61	50	0
1	3.05	30759	62	50	0
2	3.05	5061	62	50	0
1	3.1	30887	64	54	0
2	3.1	5146	63	54	0
1	3.15	30951	65	54	0
2	3.15	5316	65	54	0
1	3.2	31017	66	50	0
2	3.2	5401	66	50	0
1	3.25	31083	67	50	0
2	3.25	5486	67	50	0
1	3.3	31149	68	51	0
2	3.3	5571	68	51	0
1	3.35	31215	69	51	0
2	3.35	5656	69	51	0
1	3.4	31352	71	53	0
2	3.4	5741	70	53	0
1	3.45	31352	71	53	0
2	3.45	5826	71	53	0
1	3.5	31484	73	52	0
2	3.5	5911	72	53	0
1	3.55	31550	74	52	0
2	3.55	6081	74	52	0
1	3.6	31616	75	51	0
2	3.6	6166	75	51	0
1	3.65	31682	76	51	0
2	3.65	6251	76	51	0
1	3.7	31748	77	52	0
2	3.7	6336	77	52	0
1	3.75	31880	79	52	0
2	3.75	6421	78	52	0
1	3.8	31946	80	50	0
2	3.8	6591	80	50	0
1	3.85	32012	81	50	0
2	3.85	6676	81	50	0
1	3.9	32083	82	54	0
2	3.9	6761	82	54	0
1	3.95	32149	83	54	0
2	3.95	6846	83	54	0
1	4	32215	84	54	0
2	4	6931	84	54	0
1	4.05	32347	86	54	0
2	4.05	7016	85	54	0
1	4.1	32347	86	54	0
2	4.1	7186	87	51	0
1	4.15	32479	88	51	0
2	4.15	7186	87	51	0
1	4.2	32545	89	50	0
2	4.2	7356	89	50	0
1	4.25	32611	90	50	0
2	4.25	7441	90	50	0
1	4.3	32677	91	53	0
2	4.3	7526	91	53	0
1	4.35	32743	92	53	0
2	4.35	7611	92	53	0
1	4.4	32880	94	50	0
2	4.4	7696	93	50	0
1	4.45	32946	95	50	0
2	4.45	7866	95	50	0
1	4.5	33012	96	53	0
2	4.5	7951	96	53	0
1	4.55	33078	97	53	0
2	4.55	8036	97	53	0
1	4.6	33144	98	54	0
2	4.6	8121	98	54	0
1	4.65	33276	100	54	0
2	4.65	8206	99	54	0
1	4.7	33342	101	54	0
2	4.7	8291	100	54	0
1	4.75	33408	102	54	0
2	4.75	8461	102	54	0
1	4.8	33474	103	53	0
2	4.8	8461	102	54	0
1	4.85	33545	104	53	0
2	4.85	8631	104	53	0
1	4.9	33611	105	51	0
2	4.9	8716	105	51	0
1	4.95	33677	106	51	0
2	4.95	8801	106	51	0
1	5	33743	107	52	0
2	5	8886	107	52	0
1	5.05	33875	109	52	0
2	5.05	8971	108	52	0
1	5.1	33941	110	52	0
2	5.1	9141	110	52	0
1	5.15	34007	111	52	0
2	5.15	9226	111	52	0
1	5.2	34073	112	53	0
2	5.2	9311	112	53	0
1	5.25	34139	113	53	0
2	5.25	9396	113	53	0
1	5.3	34276	115	50	0
2	5.3	9481	114	50	0
1	5.35	34342	116	50	0
2	5.35	9651	116	50	0
1	5.4	34408	117	50	0
2	5.4	9736	117	50	0
1	5.45	34474	118	50	0
2	5.45	9821	118	50	0
1	5.5	34540	119	50	0
2	5.5	9906	119	50	0
1	5.55	34672	121	50	0
2	5.55	9991	120	50	0
1	5.6	34738	122	51	0
2	5.6	10161	122	51	0
1	5.65	34804	123	51	0
2	5.65	10246	123	51	0
1	5.7	34870	124	52	0
2	5.7	10331	124	52	0
1	5.75	34936	125	52	0
2	5.75	10416	125	52	0
1	5.8	35007	126	54	0
2	5.8	10501	126	54	0
1	5.85	35073	127	54	0
2	5.85	10586	127	54	0
1	5.9	35139	128	54	0
2	5.9	10671	128	50	0
1	5.95	35271	130	50	0
2	5.95	10756	129	50	0
1	6	35337	131	52	0
2	6	10926	131	52	0
1	6.05	35403	132	52	0
2	6.05	11011	132	52	0
1	6.1	35469	133	51	0
2	6.1	11096	133	51	0
1	6.15	35535	134	51	0
2	6.15	11181	134	51	0
1	6.2	35667	136	54	0
2	6.2	11266	135	54	0
1	6.25	35738	137	54	0
2	6.25	11436	137	54	0
1	6.3	35804	138	52	0
2	6.3	11521	138	52	0
1	6.35	35870	139	52	0
2	6.35	11606	139	52	0
1	6.4	35936	140	52	0
2	6.4	11691	140	52	0
1	6.45	36002	141	52	0
2	6.45	11776	141	52	0
1	6.5	36134	143	52	0
2	6.5	11861	142	52	0
1	6.55	36134	143	52	0
2	6.55	12031	144	52	0
1	6.6	36266	145	53	0
2	6.6	12031	144	52	0
1	6.65	36332	146	53	0
2	6.65	12201	146	53	0
1	6.7	36398	147	51	0
2	6.7	12286	147	51	0
1	6.75	36469	148	51	0
2	6.75	12371	148	51	0
1	6.8	36535	149	51	0
2	6.8	12456	149	51	0
1	6.85	36667	151	51	0
2	6.85	12541	150	51	0
1	6.9	36733	152	50	0
2	6.9	12711	152	50	0
1	6.95	36799	153	50	0
2	6.95	12796	153	50	0
1	7	36865	154	54	0
2	7	12881	154	54	0
1	7.05	36931	155	54	0
2	7.05	12966	155	54	0
1	7.1	36997	156	53	0
2	7.1	13051	156	53	0
1	7.15	37129	158	53	0
2	7.15	13136	157	53	0
1	7.2	37200	159	52	0
2	7.2	13306	159	52	0
1	7.25	37266	160	52	0
2	7.25	13391	160	52	0
1	7.3	37332	161	51	0
2	7.3	13476	161	51	0
1	7.35	37398	162	51	0
2	7.35	13561	162	51	0
1	7.4	37530	164	53	0
2	7.4	13646	163	53	0
1	7.45	37530	164	53	0
2	7.45	13731	164	53	0
1	7.5	37662	166	51	0
2	7.5	13816	165	53	0
1	7.55	37728	167	51	0
2	7.55	13986	167	51	0
1	7.6	37794	168	50	0
2	7.6	14071	168	50	0
1	7.65	37860	169	50	0
2	7.65	14156	169	50	0
1	7.7	37931	170	50	0
2	7.7	14241	170	50	0
1	7.75	38063	172	50	0
2	7.75	14326	171	50	0
1	7.8	38129	173	54	0
2	7.8	14496	173	54	0
1	7.85	38195	174	54	0
2	7.85	14581	174	54	0
1	7.9	38261	175	54	0
2	7.9	14666	175	54	0
1	7.95	38327	176	54	0
2	7.95	14751	176	54	0
1	8	38393	177	54	0
2	8	14836	177	54	0
1	8.05	38525	179	54	0
2	8.05	14921	178	54	0
1	8.1	38525	179	54	0
2	8.1	15006	179	52	0
1	8.15	38662	181	52	0
2	8.15	15091	180	52	0
1	8.2	38728	182	52	0
2	8.2	15261	182	52	0
1	8.25	38794	183	52	0
2	8.25	15346	183	52	0
1	8.3	38860	184	54	0
2	8.3	15431	184	54	0
1	8.35	38926	185	54	0
2	8.35	15516	185	54	0
1	8.4	39058	187	52	0
2	8.4	15601	186	52	0
1	8.45	39124	188	52	0
2	8.45	15686	187	52	0
1	8.5	39190	189	51	0
2	8.5	15856	189	51	0
1	8.55	39256	190	51	0
2	8.55	15941	190	51	0
1	8.6	39322	191	52	0
2	8.6	16026	191	52	0
1	8.65	39393	192	52	0
2	8.65	16111	192	52	0
1	8.7	39525	194	50	0
2	8.7	16196	193	50	0
1	8.75	39591	195	50	0
2	8.75	16366	195	50	0
1	8.8	39657	196	50	0
2	8.8	16451	196	50	0
1	8.85	39723	197	50	0
2	8.85	16536	197	50	0
1	8.9	39789	198	52	0
2	8.9	16621	198	52	0
1	8.95	39921	200	52	0
2	8.95	16706	199	52	0
1	9	39921	200	52	0
2	9	16791	200	52	0
1	9.05	40053	202	52	0
2	9.05	16876	201	52	0
1	9.1	40124	203	51	0
2	9.1	17046	203	51	0
1	9.15	40190	204	51	0
2	9.15	17131	204	51	0
1	9.2	40256	205	50	0
2	9.2	17216	205	50	0
1	9.25	40322	206	50	0
2	9.25	17301	206	50	0
1	9.3	40454	208	50	0
2	9.3	17386	207	50	0
1	9.35	40520	209	50	0
2	9.35	17556	209	50	0
1	9.4	40586	210	54	0
2	9.4	17641	210	54	0
1	9.45	40652	211	54	0
2	9.45	17726	211	54	0
1	9.5	40718	212	51	0
2	9.5	17811	212	51	0
1	9.55	40855	214	51	0
2	9.55	17896	213	51	0
1	9.6	40921	215	54	0
2	9.6	18066	215	54	0
1	9.65	40987	216	54	0
2	9.65	18151	216	54	0
1	9.7	41053	217	54	0
2	9.7	18236	217	54	0
1	9.75	41119	218	54	0
2	9.75	18321	218	54	0
1	9.8	41185	219	52	0
2	9.8	18406	219	52	0
1	9.85	41251	220	52	0
2	9.85	18491	220	52	0
1	9.9	41317	221	54	0
2	9.9	18576	221	54	0
1	9.95	41449	223	54	0
2	9.95	18661	222	54	0
1	10	41515	224	54	0
2	10	18831	224	54	0
1	10.05	41586	225	54	0
2	10.05	18916	225	54	0
1	10.1	41652	226	53	0
2	10.1	19001	226	53	0
1	10.15	41718	227	53	0
2	10.15	19086	227	53	0
1	10.2	41784	228	50	0
2	10.2	19171	228	50	0
1	10.25	41916	230	50	0
2	10.25	19256	229	50	0
1	10.3	41982	231	53	0
2	10.3	19426	231	53	0
1	10.35	42048	232	53	0
2	10.35	19426	231	53	0
1	10.4	42114	233	50	0
2	10.4	19596	233	50	0
1	10.45	42180	234	50	0
2	10.45	19681	234	50	0
1	10.5	42317	236	51	0
2	10.5	19766	235	51	0
1	10.55	42317	236	51	0
2	10.55	19851	236	51	0
1	10.6	42449	238	52	0
2	10.6	19936	237	51	0
1	10.65	42515	239	52	0
2	10.65	20106	239	52	0
1	10.7	42581	240	52	0
2	10.7	20191	240	52	0
1	10.75	42647	241	52	0
2	10.75	20276	241	52	0
1	10.8	42713	242	50	0
2	10.8	20361	242	50	0
1	10.85	42845	244	50	0
2	10.85	20446	243	50	0
1	10.9	42911	245	52	0
2	10.9	20616	245	52	0
1	10.95	42977	246	52	0
2	10.95	20701	246	52	0
1	11	43048	247	50	0
2	11	20786	247	50	0
1	11.05	43114	248	50	0
2	11.05	20871	248	50	0
1	11.1	43246	250	53	0
2	11.1	20956	249	53	0
1	11.15	43312	251	53	0
2	11.15	21041	250	53	0
1	11.2	43378	252	51	0
2	11.2	21211	252	51	0
1	11.25	43444	253	51	0
2	11.25	21296	253	51	0
1	11.3	43510	254	52	0
2	11.3	21381	254	52	0
1	11.35	43576	255	52	0
2	11.35	21466	255	52	0
1	11.4	43710	257	52	0
2	11.4	21552	256	52	0
1	11.45	43710	257	52	0
2	11.45	21638	257	52	0
1	11.5	43849	259	52	0
2	11.5	21724	258	52	0
1	11.55	43916	260	52	0
2	11.55	21896	260	52	0
1	11.6	43983	261	51	0
2	11.6	21982	261	51	0
1	11.65	44050	262	51	0
2	11.65	22068	262	51	0
1	11.7	44117	263	51	0
2	11.7	22154	263	51	0
1	11.75	44251	265	51	0
2	11.75	22240	264	51	0
1	11.8	44318	266	54	0
2	11.8	22412	266	54	0
1	11.85	44385	267	54	0
2	11.85	22498	267	54	0
1	11.9	44452	268	50	0
2	11.9	22584	268	50	0
1	11.95	44524	269	50	0
2	11.95	22670	269	50	0
1	12	44658	271	54	0
2	12	22756	270	54	0
1	12.05	44725	272	54	0
2	12.05	22842	271	54	0
1	12.1	44725	272	54	0
2	12.1	22928	272	54	0
1	12.15	44859	274	53	0
2	12.15	23014	273	53	0
1	12.2	44926	275	50	0
2	12.2	23186	275	50	0
1	12.25	44993	276	50	0
2	12.25	23272	276	50	0
1	12.3	45060	277	51	0
2	12.3	23358	277	51	0
1	12.35	45127	278	51	0
2	12.35	23444	278	51	0
1	12.4	45266	280	54	0
2	12.4	23530	279	54	0
1	12.45	45333	281	54	0
2	12.45	23702	281	54	0
1	12.5	45400	282	52	0
2	12.5	23788	282	52	0
1	12.55	45467	283	52	0
2	12.55	23874	283	52	0
1	12.6	45534	284	51	0
2	12.6	23960	284	51	0
1	12.65	45668	286	51	0
2	12.65	24046	285	51	0
1	12.7	45735	287	50	0
2	12.7	24218	287	50	0
1	12.75	45802	288	50	0
2	12.75	24304	288	50	0
1	12.8	45869	289	51	0
2	12.8	24390	289	51	0
1	12.85	45936	290	51	0
2	12.85	24476	290	51	0
1	12.9	46008	291	51	0
2	12.9	24562	291	51	0
1	12.95	46142	293	51	0
2	12.95	24648	292	51	0
1	13	46142	293	51	0
2	13	24820	294	54	0
1	13.05	46276	295	54	0
2	13.05	24820	294	54	0
1	13.1	46343	296	52	0
2	13.1	24992	296	52	0
1	13.15	46410	297	52	0
2	13.15	25078	297	52	0
1	13.2	46477	298	50	0
2	13.2	25164	298	50	0
1	13.25	46544	299	50	0
2	13.25	25250	299	50	0
1	13.3	46678	301	50	0
2	13.3	25336	300	50	0
1	13.35	46750	302	50	0
2	13.35	25508	302	50	0
1	13.4	46817	303	54	0
2	13.4	25594	303	54	0
1	13.45	46884	304	54	0
2	13.45	25680	304	54	0
1	13.5	46951	305	53	0
2	13.5	25766	305	53	0
1	13.55	47085	307	53	0
2	13.55	25852	306	53	0
1	13.6	47152	308	52	0
2	13.6	26024	308	52	0
1	13.65	47219	309	52	0
2	13.65	26110	309	52	0
1	13.7	47286	310	50	0
2	13.7	26196	310	50	0
1	13.75	47353	311	50	0
2	13.75	26282	311	50	0
1	13.8	47492	313	50	0
2	13.8	26368	312	50	0
1	13.85	47559	314	50	0
2	13.85	26540	314	50	0
1	13.9	47559	314	50	0
2	13.9	26626	315	51	0
1	13.95	47693	316	51	0
2	13.95	26626	315	51	0
1	14	47760	317	53	0
2	14	26798	317	53	0
1	14.05	47827	318	53	0
2	14.05	26884	318	53	0
1	14.1	47894	319	50	0
2	14.1	26970	319	50	0
1	14.15	47961	320	50	0
2	14.15	27056	320	50	0
1	14.2	48026	321	50	0
2	14.2	27142	321	50	0
1	14.25	48093	322	50	0
2	14.25	27228	322	50	0
1	14.3	48160	323	52	0
2	14.3	27314	323	52	0
1	14.35	48160	323	52	0
2	14.35	27400	324	52	0
1	14.4	48232	324	50	0
2	14.4	27400	324	52	0
1	14.45	48299	325	50	0
2	14.45	27486	325	50	0
1	14.5	48366	326	51	0
2	14.5	27572	326	51	0
1	14.55	48433	327	51	0
2	14.55	27658	327	51	0
1	14.6	48433	327	51	0
2	14.6	27744	328	51	0
1	14.65	48500	328	51	0
2	14.65	27744	328	51	0
1	14.7	48567	329	51	0
2	14.7	27830	329	51	0
1	14.75	48634	330	51	0
2	14.75	27916	330	51	0
1	14.8	48701	331	54	0
2	14.8	28002	331	54	0
1	14.85	48701	331	54	0
2	14.85	28002	331	54	0
1	14.9	48768	332	52	0
2	14.9	28088	332	54	0
1	14.95	48835	333	52	0
2	14.95	28174	333	52	0
1	15	48902	334	51	0
2	15	28260	334	51	0
1	15.05	48902	334	51	0
2	15.05	28346	335	51	0
1	15.1	48974	335	51	0
2	15.1	28346	335	51	0
1	15.15	49041	336	51	0
2	15.15	28432	336	51	0
1	15.2	49108	337	50	0
2	15.2	28518	337	50	0
1	15.25	49175	338	50	0
2	15.25	28604	338	50	0
1	15.3	49175	338	50	0
2	15.3	28690	339	53	0
1	15.35	49242	339	53	0
2	15.35	28690	339	53	0
1	15.4	49309	340	54	0
2	15.4	28776	340	54	0
1	15.45	49376	341	54	0
2	15.45	28862	341	54	0
1	15.5	49376	341	54	0
2	15.5	28948	342	54	0
1	15.55	49443	342	54	0
2	15.55	28948	342	54	0
1	15.6	49510	343	51	0
2	15.6	29034	343	51	0
1	15.65	49577	344	51	0
2	15.65	29120	344	51	0
1	15.7	49577	344	51	0
2	15.7	29206	345	51	0
1	15.75	49644	345	51	0
2	15.75	29206	345	51	0
1	15.8	49716	346	53	0
2	15.8	29292	346	53	0
1	15.85	49783	347	53	0
2	15.85	29378	347	53	0
1	15.9	49850	348	50	0
2	15.9	29464	348	50	0
1	15.95	49850	348	50	0
2	15.95	29550	349	50	0
1	16	49917	349	50	0
2	16	29550	349	50	0
1	16.05	49984	350	50	0
2	16.05	29636	350	50	0
1	16.1	50051	351	52	0
2	16.1	29722	351	52	0
1	16.15	50051	351	52	0
2	16.15	29808	352	52	0
1	16.2	50118	352	52	0
2	16.2	29808	352	52	0
1	16.25	50185	353	51	0
2	16.25	29894	353	51	0
1	16.3	50252	354	52	0
2	16.3	29980	354	52	0
1	16.35	50319	355	52	0
2	16.35	30066	355	52	0
1	16.4	50319	355	52	0
2	16.4	30152	356	50	0
1	16.45	50386	356	50	0
2	16.45	30152	356	50	0
1	16.5	50458	357	53	0
2	16.5	30238	357	53	0
1	16.55	50525	358	53	0
2	16.55	30324	358	53	0
1	16.6	50525	358	53	0
2	16.6	30410	359	53	0
1	16.65	50592	359	53	0
2	16.65	30410	359	53	0
1	16.7	50659	360	53	0
2	16.7	30496	360	53	0
1	16.75	50726	361	53	0
2	16.75	30582	361	53	0
1	16.8	50793	362	51	0
2	16.8	30668	362	51	0
1	16.85	50793	362	51	0
2	16.85	30754	363	51	0
1	16.9	50860	363	51	0
2	16.9	30754	363	51	0
1	16.95	50927	364	51	0
2	16.95	30840	364	51	0
1	17	50994	365	50	0
2	17	30926	365	50	0
1	17.05	50994	365	50	0
2	17.05	31012	366	50	0
1	17.1	51061	366	53	0
2	17.1	31012	366	50	0
1	17.15	51128	367	53	0
2	17.15	31098	367	53	0
1	17.2	51200	368	50	0
2	17.2	31184	368	50	0
1	17.25	51267	369	50	0
2	17.25	31270	369	50	0
1	17.3	51267	369	50	0
2	17.3	31356	370	50	0
1	17.35	51334	370	50	0
2	17.35	31356	370	50	0
1	17.4	51401	371	53	0
2	17.4	31442	371	53	0
1	17.45	51468	372	53	0
2	17.45	31528	372	53	0
1	17.5	51535	373	53	0
2	17.5	31614	373	53	0
1	17.55	51535	373	53	0
2	17.55	31614	373	53	0
1	17.6	51602	374	54	0
2	17.6	31700	374	53	0
1	17.65	51669	375	54	0
2	17.65	31786	375	54	0
1	17.7	51669	375	54	0
2	17.7	31872	376	51	0
1	17.75	51736	376	51	0
2	17.75	31872	376	51	0
1	17.8	51803	377	50	0
2	17.8	31958	377	50	0
1	17.85	51870	378	50	0
2	17.85	32044	378	50	0
1	17.9	51942	379	51	0
2	17.9	32130	379	51	0
1	17.95	51942	379	51	0
2	17.95	32216	380	51	0
1	18	52009	380	50	0
2	18	32216	380	51	0
1	18.05	52076	381	50	0
2	18.05	32302	381	50	0
1	18.1	52143	382	54	0
2	18.1	32388	382	54	0
1	18.15	52210	383	54	0
2	18.15	32474	383	54	0
1	18.2	52210	383	54	0
2	18.2	32560	384	54	0
1	18.25	52277	384	54	0
2	18.25	32560	384	54	0
1	18.3	52344	385	50	0
2	18.3	32646	385	50	0
1	18.35	52411	386	50	0
2	18.35	32732	386	50	0
1	18.4	52411	386	50	0
2	18.4	32818	387	54	0
1	18.45	52478	387	54	0
2	18.45	32818	387	54	0
1	18.5	52545	388	53	0
2	18.5	32904	388	53	0
1	18.55	52612	389	53	0
2	18.55	32990	389	53	0
1	18.6	52612	389	53	0
2	18.6	33076	390	50	0
1	18.65	52684	390	50	0
2	18.65	33076	390	50	0
1	18.7	52751	391	54	0
2	18.7	33162	391	54	0
1	18.75	52818	392	54	0
2	18.75	33248	392	54	0
1	18.8	52885	393	51	0
2	18.8	33334	393	51	0
1	18.85	52885	393	51	0
2	18.85	33420	394	51	0
1	18.9	52952	394	50	0
2	18.9	33420	394	51	0
1	18.95	53019	395	50	0
2	18.95	33506	395	50	0
1	19	53086	396	52	0
2	19	33592	396	52	0
1	19.05	53153	397	52	0
2	19.05	33678	397	52	0
1	19.1	53153	397	52	0
2	19.1	33678	397	52	0
1	19.15	53220	398	53	0
2	19.15	33764	398	53	0
1	19.2	53287	399	50	0
2	19.2	33850	399	50	0
1	19.25	53354	400	50	0
2	19.25	33936	400	50	0
1	19.3	53354	400	50	0
2	19.3	34022	401	52	0
1	19.35	53426	401	52	0
2	19.35	34022	401	52	0
1	19.4	53493	402	54	0
2	19.4	34108	402	54	0
1	19.45	53560	403	54	0
2	19.45	34194	403	54	0
1	19.5	53560	403	54	0
2	19.5	34280	404	53	0
1	19.55	53627	404	53	0
2	19.55	34280	404	53	0
1	19.6	53694	405	51	0
2	19.6	34366	405	51	0
1	19.65	53761	406	51	0
2	19.65	34452	406	51	0
1	19.7	53828	407	53	0
2	19.7	34538	407	53	0
1	19.75	53828	407	53	0
2	19.75	34624	408	53	0
1	19.8	53895	408	53	0
2	19.8	34624	408	53	0
1	19.85	53962	409	53	0
2	19.85	34710	409	53	0
1	19.9	54029	410	53	0
2	19.9	34796	410	53	0
1	19.95	54029	410	53	0
2	19.95	34882	411	53	0
1	20	54096	411	54	0
2	20	34882	411	53	0
1	20.05	54168	412	54	0
2	20.05	34968	412	54	0
1	20.1	54235	413	50	0
2	20.1	35054	413	50	0
1	20.15	54235	413	50	0
2	20.15	35140	414	50	0
1	20.2	54302	414	53	0
2	20.2	35140	414	50	0
1	20.25	54369	415	53	0
2	20.25	35226	415	53	0
1	20.3	54436	416	52	0
2	20.3	35312	416	52	0
1	20.35	54503	417	52	0
2	20.35	35398	417	52	0
1	20.4	54503	417	52	0
2	20.4	35484	418	53	0
1	20.45	54570	418	53	0
2	20.45	35484	418	53	0
1	20.5	54637	419	50	0
2	20.5	35570	419	50	0
1	20.55	54704	420	50	0
2	20.55	35656	420	50	0
1	20.6	54704	420	50	0
2	20.6	35742	421	51	0
1	20.65	54771	421	51	0
2	20.65	35742	421	51	0
1	20.7	54838	422	51	0
2	20.7	35828	422	51	0
1	20.75	54910	423	51	0
2	20.75	35914	423	51	0
1	20.8	54977	424	50	0
2	20.8	36000	424	50	0
1	20.85	54977	424	50	0
2	20.85	36086	425	50	0
1	20.9	55044	425	52	0
2	20.9	36086	425	50	0
1	20.95	55111	426	52	0
2	20.95	36172	426	52	0
1	21	55178	427	50	0
2	21	36258	427	50	0
1	21.05	55245	428	50	0
2	21.05	36344	428	50	0
1	21.1	55245	428	50	0
2	21.1	36344	428	50	0
1	21.15	55312	429	54	0
2	21.15	36430	429	54	0
1	21.2	55379	430	54	0
2	21.2	36516	430	54	0
1	21.25	55446	431	54	0
2	21.25	36602	431	54	0
1	21.3	55446	431	54	0
2	21.3	36688	432	53	0
1	21.35	55513	432	53	0
2	21.35	36688	432	53	0
1	21.4	55580	433	52	0
2	21.4	36774	433	52	0
1	21.45	55652	434	52	0
2	21.45	36860	434	52	0
1	21.5	55652	434	52	0
2	21.5	36946	435	50	0
1	21.55	55719	435	50	0
2	21.55	36946	435	50	0
1	21.6	55786	436	50	0
2	21.6	37032	436	50	0
1	21.65	55853	437	50	0
2	21.65	37118	437	50	0
1	21.7	55920	438	52	0
2	21.7	37204	438	52	0
1	21.75	55920	438	52	0
2	21.75	37290	439	52	0
1	21.8	55987	439	51	0
2	21.8	37290	439	52	0
1	21.85	56054	440	51	0
2	21.85	37376	440	51	0
1	21.9	56121	441	50	0
2	21.9	37462	441	50	0
1	21.95	56188	442	50	0
2	21.95	37548	442	50	0
1	22	56188	442	50	0
2	22	37634	443	50	0
1	22.05	56255	443	50	0
2	22.05	37634	443	50	0
1	22.1	56322	444	50	0
2	22.1	37720	444	50	0
1	22.15	56394	445	50	0
2	22.15	37806	445	50	0
1	22.2	56394	445	50	0
2	22.2	37892	446	53	0
1	22.25	56461	446	53	0
2	22.25	37892	446	53	0
1	22.3	56528	447	52	0
2	22.3	37978	447	52	0
1	22.35	56595	448	52	0
2	22.35	38064	448	52	0
1	22.4	56662	449	54	0
2	22.4	38150	449	54	0
1	22.45	56662	449	54	0
2	22.45	38236	450	54	0
1	22.5	56729	450	52	0
2	22.5	38236	450	54	0
1	22.55	56796	451	52	0
2	22.55	38322	451	52	0
1	22.6	56863	452	51	0
2	22.6	38408	452	51	0
1	22.65	56863	452	51	0
2	22.65	38494	453	51	0
1	22.7	56930	453	54	0
2	22.7	38494	453	51	0
1	22.75	56997	454	54	0
2	22.75	38580	454	54	0
1	22.8	57064	455	53	0
2	22.8	38666	455	53	0
1	22.85	57064	455	53	0
2	22.85	38752	456	53	0
1	22.9	57136	456	53	0
2	22.9	38752	456	53	0
1	22.95	57203	457	52	0
2	22.95	38838	457	52	0
1	23	57270	458	50	0
2	23	38924	458	50	0
1	23.05	57337	459	50	0
2	23.05	39010	459	50	0
1	23.1	57337	459	50	0
2	23.1	39096	460	51	0
1	23.15	57404	460	51	0
2	23.15	39096	460	51	0
1	23.2	57471	461	51	0
2	23.2	39182	461	51	0
1	23.25	57538	462	51	0
2	23.25	39268	462	51	0
1	23.3	57538	462	51	0
2	23.3	39354	463	54	0
1	23.35	57605	463	54	0
2	23.35	39354	463	54	0
1	23.4	57672	464	53	0
2	23.4	39440	464	53	0
1	23.45	57739	465	53	0
2	23.45	39526	465	53	0
1	23.5	57806	466	52	0
2	23.5	39612	466	52	0
1	23.55	57806	466	52	0
2	23.55	39698	467	52	0
1	23.6	57878	467	51	0
2	23.6	39698	467	52	0
1	23.65	57945	468	51	0
2	23.65	39784	468	51	0
1	23.7	58012	469	54	0
2	23.7	39870	469	54	0
1	23.75	58012	469	54	0
2	23.75	39956	470	54	0
1	23.8	58079	470	54	0
2	23.8	39956	470	54	0
1	23.85	58146	471	54	0
2	23.85	40042	471	54	0
1	23.9	58213	472	51	0
2	23.9	40128	472	51	0
1	23.95	58213	472	51	0
2	23.95	40214	473	51	0
1	24	58280	473	51	0
2	24	40214	473	51	0
1	24.05	58347	474	54	0
2	24.05	40300	474	54	0
1	24.1	58414	475	51	0
2	24.1	40386	475	51	0
1	24.15	58481	476	51	0
2	24.15	40472	476	51	0
1	24.2	58481	476	51	0
2	24.2	40558	477	51	0
1	24.25	58548	477	51	0
2	24.25	40558	477	51	0
1	24.3	58620	478	54	0
2	24.3	40644	478	54	0
1	24.35	58687	479	54	0
2	24.35	40730	479	54	0
1	24.4	58687	479	54	0
2	24.4	40816	480	51	0
1	24.45	58754	480	51	0
2	24.45	40816	480	51	0
1	24.5	58821	481	53	0
2	24.5	40902	481	53	0
1	24.55	58888	482	53	0
2	24.55	40988	482	53	0
1	24.6	58955	483	50	0
2	24.6	41074	483	50	0
1	24.65	58955	483	50	0
2	24.65	41160	484	50	0
1	24.7	59022	484	50	0
2	24.7	41160	484	50	0
1	24.75	59089	485	50	0
2	24.75	41246	485	50	0
1	24.8	59156	486	50	0
2	24.8	41332	486	50	0
1	24.85	59223	487	50	0
2	24.85	41418	487	50	0
1	24.9	59223	487	50	0
2	24.9	41418	487	50	0
1	24.95	59290	488	52	0
2	24.95	41504	488	52	0
1	25	59362	489	52	0
2	25	41590	489	52	0
1	25.05	59429	490	52	0
2	25.05	41676	490	52	0
1	25.1	59429	490	52	0
2	25.1	41762	491	50	0
1	25.15	59496	491	50	0
2	25.15	41762	491	50	0
1	25.2	59563	492	50	0
2	25.2	41848	492	50	0
1	25.25	59630	493	50	0
2	25.25	41934	493	50	0
1	25.3	59697	494	53	0
2	25.3	42020	494	53	0
1	25.35	59697	494	53	0
2	25.35	42020	494	53	0
1	25.4	59764	495	52	0
2	25.4	42106	495	53	0
1	25.45	59831	496	52	0
2	25.45	42192	496	52	0
1	25.5	59898	497	54	0
2	25.5	42278	497	54	0
1	25.55	59898	497	54	0
2	25.55	42364	498	54	0
1	25.6	59965	498	53	0
2	25.6	42364	498	54	0
1	25.65	60032	499	53	0
2	25.65	42450	499	53	0
1	25.7	60104	500	54	0
2	25.7	42536	500	54	0
1	25.75	60104	500	54	0
2	25.75	42622	501	54	0
1	25.8	60171	501	52	0
2	25.8	42622	501	54	0
1	25.85	60238	502	52	0
2	25.85	42708	502	52	0
1	25.9	60305	503	51	0
2	25.9	42794	503	51	0
1	25.95	60305	503	51	0
2	25.95	42880	504	51	0
1	26	60372	504	53	0
2	26	42880	504	51	0
1	26.05	60439	505	53	0
2	26.05	42966	505	53	0
1	26.1	60506	506	53	0
2	26.1	43052	506	53	0
1	26.15	60573	507	53	0
2	26.15	43138	507	53	0
1	26.2	60573	507	53	0
2	26.2	43224	508	51	0
1	26.25	60640	508	51	0
2	26.25	43224	508	51	0
1	26.3	60707	509	54	0
2	26.3	43310	509	54	0
1	26.35	60774	510	54	0
2	26.35	43396	510	54	0
1	26.4	60774	510	54	0
2	26.4	43482	511	51	0
1	26.45	60846	511	51	0
2	26.45	43482	511	51	0
1	26.5	60913	512	54	0
2	26.5	43568	512	54	0
1	26.55	60980	513	54	0
2	26.55	43654	513	54	0
1	26.6	60980	513	54	0
2	26.6	43740	514	50	0
1	26.65	61047	514	50	0
2	26.65	43740	514	50	0
1	26.7	61114	515	50	0
2	26.7	43826	515	50	0
1	26.75	61181	516	50	0
2	26.75	43912	516	50	0
1	26.8	61248	517	53	0
2	26.8	43998	517	53	0
1	26.85	61248	517	53	0
2	26.85	44084	518	53	0
1	26.9	61315	518	50	0
2	26.9	44084	518	53	0
1	26.95	61382	519	50	0
2	26.95	44170	519	50	0
1	27	61449	520	52	0
2	27	44256	520	52	0
1	27.05	61449	520	52	0
2	27.05	44342	521	52	0
1	27.1	61516	521	52	0
2	27.1	44342	521	52	0
1	27.15	61588	522	53	0
2	27.15	44428	522	53	0
1	27.2	61655	523	50	0
2	27.2	44514	523	50	0
1	27.25	61722	524	50	0
2	27.25	44600	524	50	0
1	27.3	61722	524	50	0
2	27.3	44686	525	50	0
1	27.35	61789	525	50	0
2	27.35	44686	525	50	0
1	27.4	61856	526	50	0
2	27.4	44772	526	50	0
1	27.45	61923	527	50	0
2	27.45	44858	527	50	0
1	27.5	61990	528	52	0
2	27.5	44944	528	52	0
1	27.55	61990	528	52	0
2	27.55	45030	529	52	0
1	27.6	62057	529	54	0
2	27.6	45030	529	52	0
1	27.65	62124	530	54	0
2	27.65	45116	530	54	0
1	27.7	62191	531	54	0
2	27.7	45202	531	54	0
1	27.75	62191	531	54	0
2	27.75	45288	532	54	0
1	27.8	62258	532	52	0
2	27.8	45288	532	54	0
1	27.85	62330	533	52	0
2	27.85	45374	533	52	0
1	27.9	62397	534	50	0
2	27.9	45460	534	50	0
1	27.95	62464	535	50	0
2	27.95	45546	535	50	0
1	28	62464	535	50	0
2	28	45546	535	50	0
1	28.05	62531	536	53	0
2	28.05	45632	536	53	0
1	28.1	62598	537	54	0
2	28.1	45718	537	54	0
1	28.15	62665	538	54	0
2	28.15	45804	538	54	0
1	28.2	62665	538	54	0
2	28.2	45804	538	54	0
1	28.25	62732	539	53	0
2	28.25	45890	539	53	0
1	28.3	62799	540	54	0
2	28.3	45976	540	54	0
1	28.35	62866	541	54	0
2	28.35	46062	541	54	0
1	28.4	62866	541	54	0
2	28.4	46148	542	52	0
1	28.45	62933	542	52	0
2	28.45	46148	542	52	0
1	28.5	63000	543	53	0
2	28.5	46234	543	53	0
1	28.55	63072	544	53	0
2	28.55	46320	544	53	0
1	28.6	63072	544	53	0
2	28.6	46406	545	52	0
1	28.65	63139	545	52	0
2	28.65	46406	545	52	0
1	28.7	63206	546	54	0
2	28.7	46492	546	54	0
1	28.75	63273	547	54	0
2	28.75	46578	547	54	0
1	28.8	63273	547	54	0
2	28.8	46664	548	53	0
1	28.85	63340	548	53	0
2	28.85	46664	548	53	0
1	28.9	63407	549	52	0
2	28.9	46750	549	52	0
1	28.95	63474	550	52	0
2	28.95	46836	550	52	0
1	29	63541	551	50	0
2	29	46922	551	50	0
1	29.05	63541	551	50	0
2	29.05	47008	552	50	0
1	29.1	63608	552	54	0
2	29.1	47008	552	50	0
1	29.15	63675	553	54	0
2	29.15	47094	553	54	0
1	29.2	63742	554	54	0
2	29.2	47180	554	54	0
1	29.25	63742	554	54	0
2	29.25	47180	554	54	0
1	29.3	63814	555	53	0
2	29.3	47266	555	54	0
1	29.35	63881	556	53	0
2	29.35	47352	556	53	0
1	29.4	63948	557	51	0
2	29.4	47438	557	51	0
1	29.45	63948	557	51	0
2	29.45	47524	558	51	0
1	29.5	64015	558	53	0
2	29.5	47524	558	51	0
1	29.55	64082	559	53	0
2	29.55	47610	559	53	0
1	29.6	64149	560	51	0
2	29.6	47696	560	51	0
1	29.65	64216	561	51	0
2	29.65	47782	561	51	0
1	29.7	64216	561	51	0
2	29.7	47868	562	53	0
1	29.75	64283	562	53	0
2	29.75	47868	562	53	0
1	29.8	64350	563	50	0
2	29.8	47954	563	50	0
1	29.85	64417	564	50	0
2	29.85	48040	564	50	0
1	29.9	64417	564	50	0
2	29.9	48126	565	54	0
1	29.95	64484	565	54	0
2	29.95	48126	565	54	0
