1	1.05	0	0	0	-nan
1	1.1	1260	1	53	-nan
2	1.1	0	0	0	-nan
1	1.15	1260	1	53	-nan
2	1.15	129	2	51	0
1	1.2	9838	7	55	0
2	1.2	129	2	51	0
1	1.25	9838	7	55	0
2	1.25	350	6	53	0
1	1.3	22026	16	54	0
2	1.3	408	7	50	0
1	1.35	25114	19	50	0
2	1.35	1178	16	50	0
1	1.4	25283	22	50	0
2	1.4	1491	20	50	0
1	1.45	25404	24	50	0
2	1.45	1746	23	50	0
1	1.5	25463	25	50	0
2	1.5	1916	25	50	0
1	1.55	27050	27	50	0
2	1.55	2001	26	50	0
1	1.6	27112	28	50	0
2	1.6	2171	28	50	0
1	1.65	27176	29	50	0
2	1.65	2256	29	50	0
1	1.7	28824	32	50	0
2	1.7	2341	30	50	0
1	1.75	28888	33	50	0
2	1.75	2596	33	50	0
1	1.8	28952	34	54	0
2	1.8	2596	33	50	0
1	1.85	29016	35	54	0
2	1.85	2766	35	54	0
1	1.9	29080	36	53	0
2	1.9	2851	36	53	0
1	1.95	29144	37	53	0
2	1.95	2936	37	53	0
1	2	29213	38	50	0
2	2	3021	38	50	0
1	2.05	29341	40	50	0
2	2.05	3106	39	50	0
1	2.1	29405	41	54	0
2	2.1	3276	41	54	0
1	2.15	29469	42	54	0
2	2.15	3361	42	54	0
1	2.2	29533	43	50	0
2	2.2	3446	43	50	0
1	2.25	29597	44	50	0
2	2.25	3531	44	50	0
1	2.3	29725	46	51	0
2	2.3	3616	45	51	0
1	2.35	29789	47	51	0
2	2.35	3786	47	51	0
1	2.4	29853	48	50	0
2	2.4	3871	48	50	0
1	2.45	29922	49	50	0
2	2.45	3956	49	50	0
1	2.5	29986	50	51	0
2	2.5	4041	50	51	0
1	2.55	30050	51	51	0
2	2.55	4126	51	51	0
1	2.6	30178	53	50	0
2	2.6	4211	52	50	0
1	2.65	30242	54	50	0
2	2.65	4381	54	50	0
1	2.7	30306	55	50	0
2	2.7	4466	55	50	0
1	2.75	30370	56	50	0
2	2.75	4551	56	50	0
1	2.8	30434	57	54	0
2	2.8	4636	57	54	0
1	2.85	30562	59	54	0
2	2.85	4721	58	54	0
1	2.9	30562	59	54	0
2	2.9	4806	59	54	0
1	2.95	30695	61	54	0
2	2.95	4891	60	54	0
1	3	30759	62	52	0
2	3	5061	62	52	0
1	3.05	30823	63	52	0
2	3.05	5146	63	52	0
1	3.1	30887	64	53	0
2	3.1	5231	64	53	0
1	3.15	30951	65	53	0
2	3.15	5316	65	53	0
1	3.2	31083	67	53	0
2	3.2	5401	66	53	0
1	3.25	31149	68	53	0
2	3.25	5486	67	53	0
1	3.3	31215	69	50	0
2	3.3	5656	69	50	0
1	3.35	31281	70	50	0
2	3.35	5741	70	50	0
1	3.4	31352	71	51	0
2	3.4	5826	71	51	0
1	3.45	31418	72	51	0
2	3.45	5911	72	51	0
1	3.5	31550	74	50	0
2	3.5	5996	73	50	0
1	3.55	31616	75	50	0
2	3.55	6166	75	50	0
1	3.6	31682	76	51	0
2	3.6	6166	75	50	0
1	3.65	31748	77	51	0
2	3.65	6336	77	51	0
1	3.7	31814	78	50	0
2	3.7	6421	78	50	0
1	3.75	31946	80	50	0
2	3.75	6506	79	50	0
1	3.8	31946	80	50	0
2	3.8	6676	81	52	0
1	3.85	32083	82	52	0
2	3.85	6676	81	52	0
1	3.9	32149	83	50	0
2	3.9	6846	83	50	0
1	3.95	32215	84	50	0
2	3.95	6931	84	50	0
1	4	32347	86	51	0
2	4	7016	85	51	0
1	4.05	32347	86	51	0
2	4.05	7186	87	51	0
1	4.1	32479	88	53	0
2	4.1	7186	87	51	0
1	4.15	32545	89	53	0
2	4.15	7356	89	53	0
1	4.2	32611	90	51	0
2	4.2	7441	90	51	0
1	4.25	32677	91	51	0
2	4.25	7526	91	51	0
1	4.3	32743	92	53	0
2	4.3	7611	92	53	0
1	4.35	32814	93	53	0
2	4.35	7696	93	53	0
1	4.4	32946	95	52	0
2	4.4	7781	94	52	0
1	4.45	33012	96	52	0
2	4.45	7951	96	52	0
1	4.5	33078	97	52	0
2	4.5	8036	97	52	0
1	4.55	33144	98	52	0
2	4.55	8121	98	52	0
1	4.6	33210	99	50	0
2	4.6	8206	99	50	0
1	4.65	33342	101	50	0
2	4.65	8291	100	50	0
1	4.7	33408	102	50	0
2	4.7	8461	102	50	0
1	4.75	33474	103	50	0
2	4.75	8546	103	50	0
1	4.8	33545	104	51	0
2	4.8	8631	104	51	0
1	4.85	33611	105	51	0
2	4.85	8716	105	51	0
1	4.9	33743	107	50	0
2	4.9	8801	106	50	0
1	4.95	33809	108	50	0
2	4.95	8971	108	50	0
1	5	33875	109	50	0
2	5	9056	109	50	0
1	5.05	33941	110	50	0
2	5.05	9141	110	50	0
1	5.1	34007	111	53	0
2	5.1	9226	111	53	0
1	5.15	34073	112	53	0
2	5.15	9311	112	53	0
1	5.2	34139	113	53	0
2	5.2	9396	113	53	0
1	5.25	34276	115	53	0
2	5.25	9481	114	53	0
1	5.3	34342	116	52	0
2	5.3	9651	116	52	0
1	5.35	34408	117	52	0
2	5.35	9736	117	52	0
1	5.4	34474	118	53	0
2	5.4	9821	118	53	0
1	5.45	34540	119	53	0
2	5.45	9906	119	53	0
1	5.5	34606	120	52	0
2	5.5	9991	120	52	0
1	5.55	34738	122	52	0
2	5.55	10076	121	52	0
1	5.6	34804	123	54	0
2	5.6	10246	123	54	0
1	5.65	34870	124	54	0
2	5.65	10246	123	54	0
1	5.7	34936	125	52	0
2	5.7	10416	125	52	0
1	5.75	35007	126	52	0
2	5.75	10501	126	52	0
1	5.8	35139	128	50	0
2	5.8	10586	127	50	0
1	5.85	35139	128	50	0
2	5.85	10756	129	50	0
1	5.9	35271	130	53	0
2	5.9	10756	129	50	0
1	5.95	35337	131	53	0
2	5.95	10926	131	53	0
1	6	35403	132	52	0
2	6	11011	132	52	0
1	6.05	35469	133	52	0
2	6.05	11096	133	52	0
1	6.1	35535	134	53	0
2	6.1	11181	134	53	0
1	6.15	35601	135	53	0
2	6.15	11266	135	53	0
1	6.2	35738	137	51	0
2	6.2	11351	136	51	0
1	6.25	35804	138	51	0
2	6.25	11521	138	51	0
1	6.3	35870	139	51	0
2	6.3	11606	139	51	0
1	6.35	35936	140	51	0
2	6.35	11691	140	51	0
1	6.4	36002	141	54	0
2	6.4	11776	141	54	0
1	6.45	36134	143	54	0
2	6.45	11861	142	54	0
1	6.5	36134	143	54	0
2	6.5	12031	144	53	0
1	6.55	36266	145	53	0
2	6.55	12031	144	53	0
1	6.6	36332	146	54	0
2	6.6	12201	146	54	0
1	6.65	36398	147	54	0
2	6.65	12286	147	54	0
1	6.7	36469	148	51	0
2	6.7	12371	148	51	0
1	6.75	36535	149	51	0
2	6.75	12456	149	51	0
1	6.8	36667	151	51	0
2	6.8	12541	150	51	0
1	6.85	36733	152	51	0
2	6.85	12626	151	51	0
1	6.9	36799	153	54	0
2	6.9	12796	153	54	0
1	6.95	36865	154	54	0
2	6.95	12796	153	54	0
1	7	36931	155	51	0
2	7	12966	155	51	0
1	7.05	36997	156	51	0
2	7.05	13051	156	51	0
1	7.1	37129	158	54	0
2	7.1	13136	157	54	0
1	7.15	37129	158	54	0
2	7.15	13221	158	54	0
1	7.2	37266	160	52	0
2	7.2	13306	159	54	0
1	7.25	37332	161	52	0
2	7.25	13476	161	52	0
1	7.3	37398	162	51	0
2	7.3	13561	162	51	0
1	7.35	37464	163	51	0
2	7.35	13646	163	51	0
1	7.4	37530	164	53	0
2	7.4	13731	164	53	0
1	7.45	37596	165	53	0
2	7.45	13816	165	53	0
1	7.5	37728	167	51	0
2	7.5	13901	166	51	0
1	7.55	37794	168	51	0
2	7.55	14071	168	51	0
1	7.6	37860	169	54	0
2	7.6	14156	169	54	0
1	7.65	37931	170	54	0
2	7.65	14241	170	54	0
1	7.7	37997	171	51	0
2	7.7	14326	171	51	0
1	7.75	38129	173	51	0
2	7.75	14411	172	51	0
1	7.8	38129	173	51	0
2	7.8	14581	174	52	0
1	7.85	38261	175	52	0
2	7.85	14581	174	52	0
1	7.9	38327	176	50	0
2	7.9	14751	176	50	0
1	7.95	38393	177	50	0
2	7.95	14836	177	50	0
1	8	38525	179	51	0
2	8	14921	178	51	0
1	8.05	38525	179	51	0
2	8.05	15091	180	51	0
1	8.1	38662	181	51	0
2	8.1	15091	180	51	0
1	8.15	38728	182	51	0
2	8.15	15261	182	51	0
1	8.2	38794	183	53	0
2	8.2	15346	183	53	0
1	8.25	38860	184	53	0
2	8.25	15431	184	53	0
1	8.3	38926	185	50	0
2	8.3	15516	185	50	0
1	8.35	39058	187	50	0
2	8.35	15601	186	50	0
1	8.4	39124	188	54	0
2	8.4	15686	187	54	0
1	8.45	39190	189	54	0
2	8.45	15856	189	54	0
1	8.5	39256	190	54	0
2	8.5	15856	189	54	0
1	8.55	39322	191	54	0
2	8.55	16026	191	54	0
1	8.6	39393	192	52	0
2	8.6	16111	192	52	0
1	8.65	39525	194	52	0
2	8.65	16196	193	52	0
1	8.7	39525	194	52	0
2	8.7	16366	195	52	0
1	8.75	39657	196	52	0
2	8.75	16366	195	52	0
1	8.8	39723	197	50	0
2	8.8	16536	197	50	0
1	8.85	39789	198	50	0
2	8.85	16621	198	50	0
1	8.9	39921	200	51	0
2	8.9	16706	199	51	0
1	8.95	39921	200	51	0
2	8.95	16876	201	51	0
1	9	40053	202	54	0
2	9	16876	201	51	0
1	9.05	40124	203	54	0
2	9.05	16961	202	54	0
1	9.1	40190	204	54	0
2	9.1	17131	204	54	0
1	9.15	40256	205	54	0
2	9.15	17131	204	54	0
1	9.2	40322	206	52	0
2	9.2	17301	206	52	0
1	9.25	40388	207	52	0
2	9.25	17386	207	52	0
1	9.3	40520	209	51	0
2	9.3	17471	208	51	0
1	9.35	40520	209	51	0
2	9.35	17641	210	51	0
1	9.4	40652	211	54	0
2	9.4	17641	210	51	0
1	9.45	40718	212	54	0
2	9.45	17811	212	54	0
1	9.5	40784	213	53	0
2	9.5	17896	213	53	0
1	9.55	40921	215	53	0
2	9.55	17981	214	53	0
1	9.6	40921	215	53	0
2	9.6	18151	216	50	0
1	9.65	41053	217	50	0
2	9.65	18151	216	50	0
1	9.7	41119	218	51	0
2	9.7	18321	218	51	0
1	9.75	41185	219	51	0
2	9.75	18406	219	51	0
1	9.8	41251	220	54	0
2	9.8	18491	220	54	0
1	9.85	41317	221	54	0
2	9.85	18576	221	54	0
1	9.9	41383	222	50	0
2	9.9	18661	222	50	0
1	9.95	41447	223	50	0
2	9.95	18746	223	50	0
1	10	41447	223	50	0
2	10	18831	224	52	0
1	10.05	41584	225	52	0
2	10.05	18831	224	52	0
1	10.1	41584	225	52	0
2	10.1	19001	226	54	0
1	10.15	41650	226	54	0
2	10.15	19001	226	54	0
1	10.2	41716	227	54	0
2	10.2	19086	227	54	0
1	10.25	41716	227	54	0
2	10.25	19171	228	54	0
1	10.3	41848	229	51	0
2	10.3	19171	228	54	0
1	10.35	41848	229	51	0
2	10.35	19256	229	51	0
1	10.4	41914	230	53	0
2	10.4	19341	230	51	0
1	10.45	41980	231	53	0
2	10.45	19426	231	53	0
1	10.5	41980	231	53	0
2	10.5	19511	232	53	0
1	10.55	42046	232	53	0
2	10.55	19511	232	53	0
1	10.6	42112	233	50	0
2	10.6	19596	233	50	0
1	10.65	42112	233	50	0
2	10.65	19681	234	50	0
1	10.7	42244	235	50	0
2	10.7	19681	234	50	0
1	10.75	42244	235	50	0
2	10.75	19851	236	50	0
1	10.8	42315	236	53	0
2	10.8	19851	236	50	0
1	10.85	42381	237	53	0
2	10.85	19936	237	53	0
1	10.9	42381	237	53	0
2	10.9	20021	238	53	0
1	10.95	42513	239	53	0
2	10.95	20021	238	53	0
1	11	42513	239	53	0
2	11	20191	240	54	0
1	11.05	42579	240	54	0
2	11.05	20191	240	54	0
1	11.1	42645	241	51	0
2	11.1	20276	241	51	0
1	11.15	42645	241	51	0
2	11.15	20361	242	51	0
1	11.2	42777	243	50	0
2	11.2	20361	242	51	0
1	11.25	42777	243	50	0
2	11.25	20531	244	50	0
1	11.3	42843	244	53	0
2	11.3	20531	244	50	0
1	11.35	42909	245	53	0
2	11.35	20531	244	50	0
1	11.4	42909	245	53	0
2	11.4	20701	246	51	0
1	11.45	42975	246	51	0
2	11.45	20701	246	51	0
1	11.5	43046	247	50	0
2	11.5	20786	247	50	0
1	11.55	43046	247	50	0
2	11.55	20871	248	50	0
1	11.6	43178	249	52	0
2	11.6	20871	248	50	0
1	11.65	43178	249	52	0
2	11.65	21041	250	52	0
1	11.7	43244	250	52	0
2	11.7	21041	250	52	0
1	11.75	43310	251	52	0
2	11.75	21126	251	52	0
1	11.8	43310	251	52	0
2	11.8	21211	252	50	0
1	11.85	43374	252	50	0
2	11.85	21211	252	50	0
1	11.9	43374	252	50	0
2	11.9	21296	253	53	0
1	11.95	43440	253	53	0
2	11.95	21296	253	53	0
1	12	43440	253	53	0
2	12	21381	254	53	0
1	12.05	43440	253	53	0
2	12.05	21381	254	53	0
1	12.1	43506	254	51	0
2	12.1	21381	254	53	0
1	12.15	43506	254	51	0
2	12.15	21466	255	51	0
1	12.2	43506	254	51	0
2	12.2	21466	255	51	0
1	12.25	43572	255	53	0
2	12.25	21466	255	51	0
1	12.3	43572	255	53	0
2	12.3	21552	256	50	0
1	12.35	43639	256	50	0
2	12.35	21552	256	50	0
1	12.4	43639	256	50	0
2	12.4	21638	257	53	0
1	12.45	43639	256	50	0
2	12.45	21638	257	53	0
1	12.5	43706	257	52	0
2	12.5	21638	257	53	0
1	12.55	43706	257	52	0
2	12.55	21724	258	52	0
1	12.6	43778	258	50	0
2	12.6	21724	258	52	0
1	12.65	43778	258	50	0
2	12.65	21810	259	50	0
1	12.7	43778	258	50	0
2	12.7	21810	259	50	0
1	12.75	43845	259	51	0
2	12.75	21810	259	50	0
1	12.8	43845	259	51	0
2	12.8	21896	260	51	0
1	12.85	43912	260	51	0
2	12.85	21896	260	51	0
1	12.9	43912	260	51	0
2	12.9	21982	261	50	0
1	12.95	43912	260	51	0
2	12.95	21982	261	50	0
1	13	43979	261	52	0
2	13	21982	261	50	0
1	13.05	43979	261	52	0
2	13.05	22068	262	52	0
1	13.1	44046	262	51	0
2	13.1	22068	262	52	0
1	13.15	44046	262	51	0
2	13.15	22154	263	51	0
1	13.2	44046	262	51	0
2	13.2	22154	263	51	0
1	13.25	44113	263	51	0
2	13.25	22154	263	51	0
1	13.3	44113	263	51	0
2	13.3	22240	264	52	0
1	13.35	44180	264	52	0
2	13.35	22240	264	52	0
1	13.4	44180	264	52	0
2	13.4	22240	264	52	0
1	13.45	44180	264	52	0
2	13.45	22326	265	52	0
1	13.5	44247	265	54	0
2	13.5	22326	265	52	0
1	13.55	44247	265	54	0
2	13.55	22412	266	54	0
1	13.6	44247	265	54	0
2	13.6	22412	266	54	0
1	13.65	44314	266	54	0
2	13.65	22412	266	54	0
1	13.7	44314	266	54	0
2	13.7	22498	267	51	0
1	13.75	44381	267	51	0
2	13.75	22498	267	51	0
1	13.8	44381	267	51	0
2	13.8	22584	268	51	0
1	13.85	44381	267	51	0
2	13.85	22584	268	51	0
1	13.9	44448	268	50	0
2	13.9	22584	268	51	0
1	13.95	44448	268	50	0
2	13.95	22670	269	50	0
1	14	44520	269	53	0
2	14	22670	269	50	0
1	14.05	44520	269	53	0
2	14.05	22756	270	53	0
1	14.1	44520	269	53	0
2	14.1	22756	270	53	0
1	14.15	44587	270	52	0
2	14.15	22756	270	53	0
1	14.2	44587	270	52	0
2	14.2	22842	271	53	0
1	14.25	44587	270	52	0
2	14.25	22842	271	53	0
1	14.3	44654	271	51	0
2	14.3	22842	271	53	0
1	14.35	44654	271	51	0
2	14.35	22928	272	51	0
1	14.4	44721	272	52	0
2	14.4	22928	272	51	0
1	14.45	44721	272	52	0
2	14.45	23014	273	52	0
1	14.5	44721	272	52	0
2	14.5	23014	273	52	0
1	14.55	44788	273	52	0
2	14.55	23014	273	52	0
1	14.6	44788	273	52	0
2	14.6	23100	274	52	0
1	14.65	44855	274	52	0
2	14.65	23100	274	52	0
1	14.7	44855	274	52	0
2	14.7	23186	275	51	0
1	14.75	44855	274	52	0
2	14.75	23186	275	51	0
1	14.8	44922	275	54	0
2	14.8	23186	275	51	0
1	14.85	44922	275	54	0
2	14.85	23272	276	54	0
1	14.9	44922	275	54	0
2	14.9	23272	276	54	0
1	14.95	44989	276	52	0
2	14.95	23272	276	54	0
1	15	44989	276	52	0
2	15	23358	277	53	0
1	15.05	45056	277	53	0
2	15.05	23358	277	53	0
1	15.1	45056	277	53	0
2	15.1	23444	278	53	0
1	15.15	45056	277	53	0
2	15.15	23444	278	53	0
1	15.2	45123	278	50	0
2	15.2	23444	278	53	0
1	15.25	45123	278	50	0
2	15.25	23530	279	50	0
1	15.3	45190	279	51	0
2	15.3	23530	279	50	0
1	15.35	45190	279	51	0
2	15.35	23616	280	51	0
1	15.4	45190	279	51	0
2	15.4	23616	280	51	0
1	15.45	45262	280	50	0
2	15.45	23616	280	51	0
1	15.5	45262	280	50	0
2	15.5	23702	281	54	0
1	15.55	45329	281	54	0
2	15.55	23702	281	54	0
1	15.6	45329	281	54	0
2	15.6	23702	281	54	0
1	15.65	45329	281	54	0
2	15.65	23788	282	53	0
1	15.7	45396	282	54	0
2	15.7	23788	282	53	0
1	15.75	45396	282	54	0
2	15.75	23874	283	54	0
1	15.8	45396	282	54	0
2	15.8	23874	283	54	0
1	15.85	45463	283	50	0
2	15.85	23874	283	54	0
1	15.9	45463	283	50	0
2	15.9	23960	284	53	0
1	15.95	45530	284	53	0
2	15.95	23960	284	53	0
1	16	45530	284	53	0
2	16	24046	285	51	0
1	16.05	45530	284	53	0
2	16.05	24046	285	51	0
1	16.1	45597	285	50	0
2	16.1	24046	285	51	0
1	16.15	45597	285	50	0
2	16.15	24132	286	50	0
1	16.2	45664	286	50	0
2	16.2	24132	286	50	0
1	16.25	45664	286	50	0
2	16.25	24218	287	50	0
1	16.3	45664	286	50	0
2	16.3	24218	287	50	0
1	16.35	45731	287	50	0
2	16.35	24218	287	50	0
1	16.4	45731	287	50	0
2	16.4	24304	288	52	0
1	16.45	45798	288	52	0
2	16.45	24304	288	52	0
1	16.5	45798	288	52	0
2	16.5	24304	288	52	0
1	16.55	45798	288	52	0
2	16.55	24390	289	53	0
1	16.6	45865	289	54	0
2	16.6	24390	289	53	0
1	16.65	45865	289	54	0
2	16.65	24476	290	54	0
1	16.7	45865	289	54	0
2	16.7	24476	290	54	0
1	16.75	45932	290	54	0
2	16.75	24476	290	54	0
1	16.8	45932	290	54	0
2	16.8	24562	291	52	0
1	16.85	46004	291	52	0
2	16.85	24562	291	52	0
1	16.9	46004	291	52	0
2	16.9	24648	292	54	0
1	16.95	46004	291	52	0
2	16.95	24648	292	54	0
1	17	46071	292	50	0
2	17	24648	292	54	0
1	17.05	46071	292	50	0
2	17.05	24734	293	50	0
1	17.1	46138	293	51	0
2	17.1	24734	293	50	0
1	17.15	46138	293	51	0
2	17.15	24820	294	51	0
1	17.2	46138	293	51	0
2	17.2	24820	294	51	0
1	17.25	46205	294	50	0
2	17.25	24820	294	51	0
1	17.3	46205	294	50	0
2	17.3	24906	295	52	0
1	17.35	46205	294	50	0
2	17.35	24906	295	52	0
1	17.4	46272	295	54	0
2	17.4	24906	295	52	0
1	17.45	46272	295	54	0
2	17.45	24992	296	54	0
1	17.5	46339	296	52	0
2	17.5	24992	296	54	0
1	17.55	46339	296	52	0
2	17.55	25078	297	52	0
1	17.6	46339	296	52	0
2	17.6	25078	297	52	0
1	17.65	46406	297	50	0
2	17.65	25078	297	52	0
1	17.7	46406	297	50	0
2	17.7	25164	298	53	0
1	17.75	46473	298	53	0
2	17.75	25164	298	53	0
1	17.8	46473	298	53	0
2	17.8	25250	299	53	0
1	17.85	46473	298	53	0
2	17.85	25250	299	53	0
1	17.9	46540	299	51	0
2	17.9	25250	299	53	0
1	17.95	46540	299	51	0
2	17.95	25336	300	51	0
1	18	46540	299	51	0
2	18	25336	300	51	0
1	18.05	46607	300	51	0
2	18.05	25336	300	51	0
1	18.1	46607	300	51	0
2	18.1	25422	301	53	0
1	18.15	46674	301	53	0
2	18.15	25422	301	53	0
1	18.2	46674	301	53	0
2	18.2	25508	302	50	0
1	18.25	46674	301	53	0
2	18.25	25508	302	50	0
1	18.3	46746	302	54	0
2	18.3	25508	302	50	0
1	18.35	46746	302	54	0
2	18.35	25594	303	54	0
1	18.4	46813	303	53	0
2	18.4	25594	303	54	0
1	18.45	46813	303	53	0
2	18.45	25680	304	53	0
1	18.5	46813	303	53	0
2	18.5	25680	304	53	0
1	18.55	46880	304	51	0
2	18.55	25680	304	53	0
1	18.6	46880	304	51	0
2	18.6	25766	305	54	0
1	18.65	46880	304	51	0
2	18.65	25766	305	54	0
1	18.7	46947	305	51	0
2	18.7	25766	305	54	0
1	18.75	46947	305	51	0
2	18.75	25852	306	51	0
1	18.8	47014	306	53	0
2	18.8	25852	306	51	0
1	18.85	47014	306	53	0
2	18.85	25938	307	53	0
1	18.9	47014	306	53	0
2	18.9	25938	307	53	0
1	18.95	47081	307	51	0
2	18.95	25938	307	53	0
1	19	47081	307	51	0
2	19	26024	308	51	0
1	19.05	47148	308	51	0
2	19.05	26024	308	51	0
1	19.1	47148	308	51	0
2	19.1	26110	309	50	0
1	19.15	47148	308	51	0
2	19.15	26110	309	50	0
1	19.2	47215	309	54	0
2	19.2	26110	309	50	0
1	19.25	47215	309	54	0
2	19.25	26196	310	54	0
1	19.3	47282	310	52	0
2	19.3	26196	310	54	0
1	19.35	47282	310	52	0
2	19.35	26196	310	54	0
1	19.4	47282	310	52	0
2	19.4	26282	311	52	0
1	19.45	47349	311	53	0
2	19.45	26282	311	52	0
1	19.5	47349	311	53	0
2	19.5	26368	312	52	0
1	19.55	47349	311	53	0
2	19.55	26368	312	52	0
1	19.6	47416	312	50	0
2	19.6	26368	312	52	0
1	19.65	47416	312	50	0
2	19.65	26454	313	50	0
1	19.7	47488	313	51	0
2	19.7	26454	313	50	0
1	19.75	47488	313	51	0
2	19.75	26540	314	51	0
1	19.8	47488	313	51	0
2	19.8	26540	314	51	0
1	19.85	47555	314	50	0
2	19.85	26540	314	51	0
1	19.9	47555	314	50	0
2	19.9	26626	315	51	0
1	19.95	47622	315	51	0
2	19.95	26626	315	51	0
1	20	47622	315	51	0
2	20	26712	316	51	0
1	20.05	47622	315	51	0
2	20.05	26712	316	51	0
1	20.1	47689	316	52	0
2	20.1	26712	316	51	0
1	20.15	47689	316	52	0
2	20.15	26798	317	52	0
1	20.2	47756	317	53	0
2	20.2	26798	317	52	0
1	20.25	47756	317	53	0
2	20.25	26884	318	53	0
1	20.3	47756	317	53	0
2	20.3	26884	318	53	0
1	20.35	47823	318	54	0
2	20.35	26884	318	53	0
1	20.4	47823	318	54	0
2	20.4	26970	319	52	0
1	20.45	47823	318	54	0
2	20.45	26970	319	52	0
1	20.5	47890	319	50	0
2	20.5	26970	319	52	0
1	20.55	47890	319	50	0
2	20.55	27056	320	50	0
1	20.6	47957	320	54	0
2	20.6	27056	320	50	0
1	20.65	47957	320	54	0
2	20.65	27142	321	54	0
1	20.7	47957	320	54	0
2	20.7	27142	321	54	0
1	20.75	48024	321	54	0
2	20.75	27142	321	54	0
1	20.8	48024	321	54	0
2	20.8	27228	322	51	0
1	20.85	48091	322	51	0
2	20.85	27228	322	51	0
1	20.9	48091	322	51	0
2	20.9	27314	323	50	0
1	20.95	48091	322	51	0
2	20.95	27314	323	50	0
1	21	48158	323	52	0
2	21	27314	323	50	0
1	21.05	48158	323	52	0
2	21.05	27400	324	52	0
1	21.1	48158	323	52	0
2	21.1	27400	324	52	0
1	21.15	48230	324	51	0
2	21.15	27400	324	52	0
1	21.2	48230	324	51	0
2	21.2	27486	325	51	0
1	21.25	48297	325	51	0
2	21.25	27486	325	51	0
1	21.3	48297	325	51	0
2	21.3	27572	326	51	0
1	21.35	48297	325	51	0
2	21.35	27572	326	51	0
1	21.4	48364	326	51	0
2	21.4	27572	326	51	0
1	21.45	48364	326	51	0
2	21.45	27658	327	51	0
1	21.5	48431	327	50	0
2	21.5	27658	327	51	0
1	21.55	48431	327	50	0
2	21.55	27744	328	50	0
1	21.6	48431	327	50	0
2	21.6	27744	328	50	0
1	21.65	48498	328	50	0
2	21.65	27744	328	50	0
1	21.7	48498	328	50	0
2	21.7	27830	329	54	0
1	21.75	48565	329	54	0
2	21.75	27830	329	54	0
1	21.8	48565	329	54	0
2	21.8	27916	330	51	0
1	21.85	48565	329	54	0
2	21.85	27916	330	51	0
1	21.9	48632	330	52	0
2	21.9	27916	330	51	0
1	21.95	48632	330	52	0
2	21.95	28002	331	52	0
1	22	48699	331	50	0
2	22	28002	331	52	0
1	22.05	48699	331	50	0
2	22.05	28088	332	50	0
1	22.1	48699	331	50	0
2	22.1	28088	332	50	0
1	22.15	48766	332	51	0
2	22.15	28088	332	50	0
1	22.2	48766	332	51	0
2	22.2	28174	333	53	0
1	22.25	48766	332	51	0
2	22.25	28174	333	53	0
1	22.3	48833	333	53	0
2	22.3	28174	333	53	0
1	22.35	48833	333	53	0
2	22.35	28260	334	50	0
1	22.4	48900	334	54	0
2	22.4	28260	334	50	0
1	22.45	48900	334	54	0
2	22.45	28346	335	54	0
1	22.5	48900	334	54	0
2	22.5	28346	335	54	0
1	22.55	48972	335	53	0
2	22.55	28346	335	54	0
1	22.6	48972	335	53	0
2	22.6	28432	336	52	0
1	22.65	49039	336	52	0
2	22.65	28432	336	52	0
1	22.7	49039	336	52	0
2	22.7	28518	337	51	0
1	22.75	49039	336	52	0
2	22.75	28518	337	51	0
1	22.8	49106	337	52	0
2	22.8	28518	337	51	0
1	22.85	49106	337	52	0
2	22.85	28604	338	52	0
1	22.9	49173	338	51	0
2	22.9	28604	338	52	0
1	22.95	49173	338	51	0
2	22.95	28604	338	52	0
1	23	49173	338	51	0
2	23	28690	339	51	0
1	23.05	49240	339	52	0
2	23.05	28690	339	51	0
1	23.1	49240	339	52	0
2	23.1	28776	340	50	0
1	23.15	49240	339	52	0
2	23.15	28776	340	50	0
1	23.2	49307	340	52	0
2	23.2	28776	340	50	0
1	23.25	49307	340	52	0
2	23.25	28862	341	52	0
1	23.3	49374	341	50	0
2	23.3	28862	341	52	0
1	23.35	49374	341	50	0
2	23.35	28948	342	50	0
1	23.4	49374	341	50	0
2	23.4	28948	342	50	0
1	23.45	49441	342	51	0
2	23.45	28948	342	50	0
1	23.5	49441	342	51	0
2	23.5	29034	343	50	0
1	23.55	49508	343	50	0
2	23.55	29034	343	50	0
1	23.6	49508	343	50	0
2	23.6	29120	344	50	0
1	23.65	49508	343	50	0
2	23.65	29120	344	50	0
1	23.7	49575	344	53	0
2	23.7	29120	344	50	0
1	23.75	49575	344	53	0
2	23.75	29206	345	53	0
1	23.8	49642	345	50	0
2	23.8	29206	345	53	0
1	23.85	49642	345	50	0
2	23.85	29292	346	50	0
1	23.9	49642	345	50	0
2	23.9	29292	346	50	0
1	23.95	49714	346	51	0
2	23.95	29292	346	50	0
1	24	49714	346	51	0
2	24	29378	347	54	0
1	24.05	49781	347	54	0
2	24.05	29378	347	54	0
1	24.1	49781	347	54	0
2	24.1	29378	347	54	0
1	24.15	49781	347	54	0
2	24.15	29464	348	51	0
1	24.2	49848	348	50	0
2	24.2	29464	348	51	0
1	24.25	49848	348	50	0
2	24.25	29550	349	50	0
1	24.3	49848	348	50	0
2	24.3	29550	349	50	0
1	24.35	49915	349	51	0
2	24.35	29550	349	50	0
1	24.4	49915	349	51	0
2	24.4	29636	350	51	0
1	24.45	49982	350	51	0
2	24.45	29636	350	51	0
1	24.5	49982	350	51	0
2	24.5	29722	351	50	0
1	24.55	49982	350	51	0
2	24.55	29722	351	50	0
1	24.6	50049	351	51	0
2	24.6	29722	351	50	0
1	24.65	50049	351	51	0
2	24.65	29808	352	51	0
1	24.7	50116	352	52	0
2	24.7	29808	352	51	0
1	24.75	50116	352	52	0
2	24.75	29894	353	52	0
1	24.8	50116	352	52	0
2	24.8	29894	353	52	0
1	24.85	50183	353	53	0
2	24.85	29894	353	52	0
1	24.9	50183	353	53	0
2	24.9	29980	354	54	0
1	24.95	50250	354	54	0
2	24.95	29980	354	54	0
1	25	50250	354	54	0
2	25	29980	354	54	0
1	25.05	50250	354	54	0
2	25.05	30066	355	54	0
1	25.1	50317	355	54	0
2	25.1	30066	355	54	0
1	25.15	50317	355	54	0
2	25.15	30152	356	54	0
1	25.2	50317	355	54	0
2	25.2	30152	356	54	0
1	25.25	50384	356	50	0
2	25.25	30152	356	54	0
1	25.3	50384	356	50	0
2	25.3	30238	357	54	0
1	25.35	50456	357	54	0
2	25.35	30238	357	54	0
1	25.4	50456	357	54	0
2	25.4	30324	358	54	0
1	25.45	50456	357	54	0
2	25.45	30324	358	54	0
1	25.5	50523	358	50	0
2	25.5	30324	358	54	0
1	25.55	50523	358	50	0
2	25.55	30410	359	50	0
1	25.6	50523	358	50	0
2	25.6	30410	359	50	0
1	25.65	50590	359	53	0
2	25.65	30410	359	50	0
1	25.7	50590	359	53	0
2	25.7	30496	360	51	0
1	25.75	50657	360	51	0
2	25.75	30496	360	51	0
1	25.8	50657	360	51	0
2	25.8	30582	361	52	0
1	25.85	50657	360	51	0
2	25.85	30582	361	52	0
1	25.9	50724	361	54	0
2	25.9	30582	361	52	0
1	25.95	50724	361	54	0
2	25.95	30668	362	54	0
1	26	50791	362	53	0
2	26	30668	362	54	0
1	26.05	50791	362	53	0
2	26.05	30754	363	53	0
1	26.1	50791	362	53	0
2	26.1	30754	363	53	0
1	26.15	50858	363	54	0
2	26.15	30754	363	53	0
1	26.2	50858	363	54	0
2	26.2	30840	364	51	0
1	26.25	50858	363	54	0
2	26.25	30840	364	51	0
1	26.3	50925	364	51	0
2	26.3	30840	364	51	0
1	26.35	50925	364	51	0
2	26.35	30926	365	51	0
1	26.4	50992	365	53	0
2	26.4	30926	365	51	0
1	26.45	50992	365	53	0
2	26.45	31012	366	53	0
1	26.5	50992	365	53	0
2	26.5	31012	366	53	0
1	26.55	51059	366	54	0
2	26.55	31012	366	53	0
1	26.6	51059	366	54	0
2	26.6	31098	367	51	0
1	26.65	51126	367	51	0
2	26.65	31098	367	51	0
1	26.7	51126	367	51	0
2	26.7	31184	368	51	0
1	26.75	51126	367	51	0
2	26.75	31184	368	51	0
1	26.8	51198	368	53	0
2	26.8	31184	368	51	0
1	26.85	51198	368	53	0
2	26.85	31270	369	53	0
1	26.9	51265	369	52	0
2	26.9	31270	369	53	0
1	26.95	51265	369	52	0
2	26.95	31270	369	53	0
1	27	51265	369	52	0
2	27	31356	370	52	0
1	27.05	51332	370	50	0
2	27.05	31356	370	52	0
1	27.1	51332	370	50	0
2	27.1	31442	371	50	0
1	27.15	51332	370	50	0
2	27.15	31442	371	50	0
1	27.2	51399	371	51	0
2	27.2	31442	371	50	0
1	27.25	51399	371	51	0
2	27.25	31528	372	51	0
1	27.3	51466	372	53	0
2	27.3	31528	372	51	0
1	27.35	51466	372	53	0
2	27.35	31614	373	53	0
1	27.4	51466	372	53	0
2	27.4	31614	373	53	0
1	27.45	51533	373	50	0
2	27.45	31614	373	53	0
1	27.5	51533	373	50	0
2	27.5	31700	374	53	0
1	27.55	51600	374	53	0
2	27.55	31700	374	53	0
1	27.6	51600	374	53	0
2	27.6	31786	375	52	0
1	27.65	51600	374	53	0
2	27.65	31786	375	52	0
1	27.7	51667	375	54	0
2	27.7	31786	375	52	0
1	27.75	51667	375	54	0
2	27.75	31872	376	54	0
1	27.8	51667	375	54	0
2	27.8	31872	376	54	0
1	27.85	51734	376	53	0
2	27.85	31872	376	54	0
1	27.9	51734	376	53	0
2	27.9	31958	377	50	0
1	27.95	51801	377	50	0
2	27.95	31958	377	50	0
1	28	51801	377	50	0
2	28	32044	378	53	0
1	28.05	51801	377	50	0
2	28.05	32044	378	53	0
1	28.1	51868	378	53	0
2	28.1	32044	378	53	0
1	28.15	51868	378	53	0
2	28.15	32130	379	53	0
1	28.2	51940	379	52	0
2	28.2	32130	379	53	0
1	28.25	51940	379	52	0
2	28.25	32216	380	52	0
1	28.3	51940	379	52	0
2	28.3	32216	380	52	0
1	28.35	52007	380	53	0
2	28.35	32216	380	52	0
1	28.4	52007	380	53	0
2	28.4	32302	381	51	0
1	28.45	52074	381	51	0
2	28.45	32302	381	51	0
1	28.5	52074	381	51	0
2	28.5	32302	381	51	0
1	28.55	52074	381	51	0
2	28.55	32388	382	52	0
1	28.6	52141	382	54	0
2	28.6	32388	382	52	0
1	28.65	52141	382	54	0
2	28.65	32474	383	54	0
1	28.7	52141	382	54	0
2	28.7	32474	383	54	0
1	28.75	52208	383	54	0
2	28.75	32474	383	54	0
1	28.8	52208	383	54	0
2	28.8	32560	384	54	0
1	28.85	52275	384	54	0
2	28.85	32560	384	54	0
1	28.9	52275	384	54	0
2	28.9	32646	385	51	0
1	28.95	52275	384	54	0
2	28.95	32646	385	51	0
1	29	52342	385	54	0
2	29	32646	385	51	0
1	29.05	52342	385	54	0
2	29.05	32732	386	54	0
1	29.1	52342	385	54	0
2	29.1	32732	386	54	0
1	29.15	52409	386	52	0
2	29.15	32732	386	54	0
1	29.2	52409	386	52	0
2	29.2	32818	387	52	0
1	29.25	52476	387	52	0
2	29.25	32818	387	52	0
1	29.3	52476	387	52	0
2	29.3	32904	388	51	0
1	29.35	52476	387	52	0
2	29.35	32904	388	51	0
1	29.4	52543	388	51	0
2	29.4	32904	388	51	0
1	29.45	52543	388	51	0
2	29.45	32990	389	51	0
1	29.5	52610	389	52	0
2	29.5	32990	389	51	0
1	29.55	52610	389	52	0
2	29.55	33076	390	52	0
1	29.6	52610	389	52	0
2	29.6	33076	390	52	0
1	29.65	52682	390	52	0
2	29.65	33076	390	52	0
1	29.7	52682	390	52	0
2	29.7	33162	391	53	0
1	29.75	52682	390	52	0
2	29.75	33162	391	53	0
1	29.8	52749	391	50	0
2	29.8	33162	391	53	0
1	29.85	52749	391	50	0
2	29.85	33248	392	50	0
1	29.9	52816	392	50	0
2	29.9	33248	392	50	0
1	29.95	52816	392	50	0
2	29.95	33334	393	50	0
