1	1.05	0	0	0	-nan
1	1.1	1260	1	53	-nan
2	1.1	0	0	0	-nan
1	1.15	1260	1	53	-nan
2	1.15	129	2	51	0
1	1.2	9838	7	54	0
2	1.2	129	2	51	0
1	1.25	9838	7	54	0
2	1.25	350	6	52	0
1	1.3	22026	16	56	0
2	1.3	408	7	52	0
1	1.35	25114	19	54	0
2	1.35	1178	16	52	0
1	1.4	25283	22	50	0
2	1.4	1491	20	50	0
1	1.45	25404	24	50	0
2	1.45	1746	23	50	0
1	1.5	25404	24	50	0
2	1.5	1916	25	54	0
1	1.55	26983	26	56	0
2	1.55	1916	25	54	0
1	1.6	27112	28	53	0
2	1.6	2086	27	53	0
1	1.65	27176	29	53	0
2	1.65	2256	29	53	0
1	1.7	28760	31	52	0
2	1.7	2341	30	52	0
1	1.75	28824	32	52	0
2	1.75	2511	32	52	0
1	1.8	28952	34	50	0
2	1.8	2596	33	50	0
1	1.85	29016	35	50	0
2	1.85	2766	35	50	0
1	1.9	29080	36	50	0
2	1.9	2851	36	50	0
1	1.95	29144	37	50	0
2	1.95	2936	37	50	0
1	2	29213	38	51	0
2	2	3021	38	51	0
1	2.05	29341	40	51	0
2	2.05	3106	39	51	0
1	2.1	29405	41	50	0
2	2.1	3276	41	50	0
1	2.15	29469	42	50	0
2	2.15	3361	42	50	0
1	2.2	29533	43	53	0
2	2.2	3446	43	53	0
1	2.25	29597	44	53	0
2	2.25	3531	44	53	0
1	2.3	29725	46	50	0
2	2.3	3616	45	50	0
1	2.35	29789	47	50	0
2	2.35	3786	47	50	0
1	2.4	29853	48	52	0
2	2.4	3871	48	52	0
1	2.45	29922	49	52	0
2	2.45	3956	49	52	0
1	2.5	29986	50	54	0
2	2.5	4041	50	54	0
1	2.55	30050	51	54	0
2	2.55	4126	51	54	0
1	2.6	30178	53	50	0
2	2.6	4211	52	50	0
1	2.65	30178	53	50	0
2	2.65	4381	54	50	0
1	2.7	30306	55	54	0
2	2.7	4381	54	50	0
1	2.75	30370	56	54	0
2	2.75	4551	56	54	0
1	2.8	30434	57	52	0
2	2.8	4636	57	52	0
1	2.85	30498	58	52	0
2	2.85	4721	58	52	0
1	2.9	30562	59	53	0
2	2.9	4806	59	53	0
1	2.95	30695	61	53	0
2	2.95	4891	60	53	0
1	3	30759	62	53	0
2	3	4976	61	53	0
1	3.05	30823	63	53	0
2	3.05	5146	63	53	0
1	3.1	30887	64	51	0
2	3.1	5231	64	51	0
1	3.15	30951	65	51	0
2	3.15	5316	65	51	0
1	3.2	31017	66	53	0
2	3.2	5401	66	53	0
1	3.25	31083	67	53	0
2	3.25	5486	67	53	0
1	3.3	31149	68	53	0
2	3.3	5571	68	52	0
1	3.35	31281	70	52	0
2	3.35	5656	69	52	0
1	3.4	31352	71	52	0
2	3.4	5826	71	52	0
1	3.45	31418	72	52	0
2	3.45	5911	72	52	0
1	3.5	31484	73	50	0
2	3.5	5996	73	50	0
1	3.55	31550	74	50	0
2	3.55	6081	74	50	0
1	3.6	31682	76	52	0
2	3.6	6166	75	52	0
1	3.65	31748	77	52	0
2	3.65	6336	77	52	0
1	3.7	31814	78	50	0
2	3.7	6421	78	50	0
1	3.75	31880	79	50	0
2	3.75	6506	79	50	0
1	3.8	31946	80	51	0
2	3.8	6591	80	51	0
1	3.85	32083	82	51	0
2	3.85	6676	81	51	0
1	3.9	32149	83	52	0
2	3.9	6846	83	52	0
1	3.95	32215	84	52	0
2	3.95	6931	84	52	0
1	4	32281	85	54	0
2	4	6931	84	52	0
1	4.05	32347	86	54	0
2	4.05	7101	86	54	0
1	4.1	32413	87	51	0
2	4.1	7186	87	51	0
1	4.15	32545	89	51	0
2	4.15	7271	88	51	0
1	4.2	32545	89	51	0
2	4.2	7441	90	50	0
1	4.25	32677	91	50	0
2	4.25	7441	90	50	0
1	4.3	32743	92	54	0
2	4.3	7611	92	54	0
1	4.35	32814	93	54	0
2	4.35	7696	93	54	0
1	4.4	32880	94	54	0
2	4.4	7781	94	54	0
1	4.45	32946	95	54	0
2	4.45	7866	95	54	0
1	4.5	33078	97	50	0
2	4.5	7951	96	50	0
1	4.55	33144	98	50	0
2	4.55	8121	98	50	0
1	4.6	33210	99	54	0
2	4.6	8206	99	54	0
1	4.65	33276	100	54	0
2	4.65	8291	100	54	0
1	4.7	33342	101	52	0
2	4.7	8376	101	52	0
1	4.75	33408	102	52	0
2	4.75	8461	102	52	0
1	4.8	33545	104	52	0
2	4.8	8546	103	52	0
1	4.85	33545	104	52	0
2	4.85	8631	104	52	0
1	4.9	33677	106	54	0
2	4.9	8716	105	52	0
1	4.95	33743	107	54	0
2	4.95	8886	107	54	0
1	5	33809	108	51	0
2	5	8971	108	51	0
1	5.05	33875	109	51	0
2	5.05	9056	109	51	0
1	5.1	33941	110	54	0
2	5.1	9141	110	54	0
1	5.15	34073	112	54	0
2	5.15	9226	111	54	0
1	5.2	34139	113	50	0
2	5.2	9396	113	50	0
1	5.25	34205	114	50	0
2	5.25	9481	114	50	0
1	5.3	34276	115	52	0
2	5.3	9566	115	52	0
1	5.35	34342	116	52	0
2	5.35	9651	116	52	0
1	5.4	34408	117	53	0
2	5.4	9736	117	53	0
1	5.45	34540	119	53	0
2	5.45	9821	118	53	0
1	5.5	34540	119	53	0
2	5.5	9991	120	50	0
1	5.55	34672	121	50	0
2	5.55	9991	120	50	0
1	5.6	34738	122	52	0
2	5.6	10161	122	52	0
1	5.65	34804	123	52	0
2	5.65	10246	123	52	0
1	5.7	34870	124	50	0
2	5.7	10331	124	50	0
1	5.75	34936	125	50	0
2	5.75	10416	125	50	0
1	5.8	35073	127	51	0
2	5.8	10501	126	51	0
1	5.85	35139	128	51	0
2	5.85	10671	128	51	0
1	5.9	35205	129	50	0
2	5.9	10756	129	50	0
1	5.95	35271	130	50	0
2	5.95	10841	130	50	0
1	6	35337	131	51	0
2	6	10926	131	51	0
1	6.05	35469	133	51	0
2	6.05	11011	132	51	0
1	6.1	35535	134	52	0
2	6.1	11181	134	52	0
1	6.15	35601	135	52	0
2	6.15	11266	135	52	0
1	6.2	35667	136	50	0
2	6.2	11351	136	50	0
1	6.25	35738	137	50	0
2	6.25	11436	137	50	0
1	6.3	35870	139	53	0
2	6.3	11521	138	53	0
1	6.35	35936	140	53	0
2	6.35	11691	140	53	0
1	6.4	36002	141	52	0
2	6.4	11776	141	52	0
1	6.45	36068	142	52	0
2	6.45	11861	142	52	0
1	6.5	36134	143	50	0
2	6.5	11946	143	50	0
1	6.55	36198	144	50	0
2	6.55	12031	144	50	0
1	6.6	36264	145	50	0
2	6.6	12116	145	50	0
1	6.65	36330	146	50	0
2	6.65	12201	146	50	0
1	6.7	36330	146	50	0
2	6.7	12201	146	50	0
1	6.75	36396	147	52	0
2	6.75	12286	147	52	0
1	6.8	36467	148	51	0
2	6.8	12371	148	51	0
1	6.85	36533	149	51	0
2	6.85	12456	149	51	0
1	6.9	36533	149	51	0
2	6.9	12456	149	51	0
1	6.95	36599	150	52	0
2	6.95	12541	150	52	0
1	7	36665	151	53	0
2	7	12626	151	53	0
1	7.05	36731	152	53	0
2	7.05	12711	152	53	0
1	7.1	36731	152	53	0
2	7.1	12796	153	53	0
1	7.15	36797	153	53	0
2	7.15	12796	153	53	0
1	7.2	36863	154	52	0
2	7.2	12881	154	52	0
1	7.25	36929	155	52	0
2	7.25	12966	155	52	0
1	7.3	36995	156	53	0
2	7.3	13051	156	53	0
1	7.35	36995	156	53	0
2	7.35	13051	156	53	0
1	7.4	37061	157	52	0
2	7.4	13136	157	53	0
1	7.45	37127	158	52	0
2	7.45	13221	158	52	0
1	7.5	37198	159	51	0
2	7.5	13306	159	51	0
1	7.55	37198	159	51	0
2	7.55	13391	160	51	0
1	7.6	37264	160	53	0
2	7.6	13391	160	51	0
1	7.65	37330	161	53	0
2	7.65	13476	161	53	0
1	7.7	37396	162	53	0
2	7.7	13561	162	53	0
1	7.75	37396	162	53	0
2	7.75	13646	163	53	0
1	7.8	37462	163	53	0
2	7.8	13646	163	53	0
1	7.85	37528	164	53	0
2	7.85	13731	164	53	0
1	7.9	37594	165	54	0
2	7.9	13816	165	54	0
1	7.95	37594	165	54	0
2	7.95	13901	166	54	0
1	8	37660	166	54	0
2	8	13901	166	54	0
1	8.05	37726	167	54	0
2	8.05	13986	167	54	0
1	8.1	37792	168	54	0
2	8.1	14071	168	54	0
1	8.15	37792	168	54	0
2	8.15	14156	169	54	0
1	8.2	37858	169	50	0
2	8.2	14156	169	54	0
1	8.25	37929	170	50	0
2	8.25	14241	170	50	0
1	8.3	37995	171	51	0
2	8.3	14326	171	51	0
1	8.35	38061	172	51	0
2	8.35	14411	172	51	0
1	8.4	38061	172	51	0
2	8.4	14496	173	54	0
1	8.45	38127	173	54	0
2	8.45	14496	173	54	0
1	8.5	38193	174	54	0
2	8.5	14581	174	54	0
1	8.55	38259	175	54	0
2	8.55	14666	175	54	0
1	8.6	38259	175	54	0
2	8.6	14751	176	50	0
1	8.65	38325	176	50	0
2	8.65	14751	176	50	0
1	8.7	38391	177	50	0
2	8.7	14836	177	50	0
1	8.75	38457	178	50	0
2	8.75	14921	178	50	0
1	8.8	38523	179	54	0
2	8.8	15006	179	54	0
1	8.85	38523	179	54	0
2	8.85	15006	179	54	0
1	8.9	38589	180	50	0
2	8.9	15091	180	54	0
1	8.95	38660	181	50	0
2	8.95	15176	181	50	0
1	9	38726	182	53	0
2	9	15261	182	53	0
1	9.05	38726	182	53	0
2	9.05	15346	183	53	0
1	9.1	38792	183	51	0
2	9.1	15346	183	53	0
1	9.15	38858	184	51	0
2	9.15	15431	184	51	0
1	9.2	38924	185	51	0
2	9.2	15516	185	51	0
1	9.25	38990	186	51	0
2	9.25	15601	186	51	0
1	9.3	38990	186	51	0
2	9.3	15686	187	54	0
1	9.35	39056	187	54	0
2	9.35	15686	187	54	0
1	9.4	39122	188	53	0
2	9.4	15771	188	53	0
1	9.45	39188	189	53	0
2	9.45	15856	189	53	0
1	9.5	39188	189	53	0
2	9.5	15941	190	53	0
1	9.55	39254	190	53	0
2	9.55	15941	190	53	0
1	9.6	39320	191	52	0
2	9.6	16026	191	52	0
1	9.65	39391	192	52	0
2	9.65	16111	192	52	0
1	9.7	39391	192	52	0
2	9.7	16196	193	50	0
1	9.75	39457	193	50	0
2	9.75	16196	193	50	0
1	9.8	39523	194	54	0
2	9.8	16281	194	54	0
1	9.85	39589	195	54	0
2	9.85	16366	195	54	0
1	9.9	39655	196	51	0
2	9.9	16451	196	51	0
1	9.95	39655	196	51	0
2	9.95	16536	197	51	0
1	10	39721	197	53	0
2	10	16536	197	51	0
1	10.05	39787	198	53	0
2	10.05	16621	198	53	0
1	10.1	39853	199	50	0
2	10.1	16706	199	50	0
1	10.15	39853	199	50	0
2	10.15	16791	200	50	0
1	10.2	39919	200	51	0
2	10.2	16791	200	50	0
1	10.25	39985	201	51	0
2	10.25	16876	201	51	0
1	10.3	40051	202	53	0
2	10.3	16961	202	53	0
1	10.35	40051	202	53	0
2	10.35	17046	203	53	0
1	10.4	40122	203	53	0
2	10.4	17046	203	53	0
1	10.45	40188	204	54	0
2	10.45	17131	204	54	0
1	10.5	40254	205	51	0
2	10.5	17216	205	51	0
1	10.55	40320	206	51	0
2	10.55	17301	206	51	0
1	10.6	40320	206	51	0
2	10.6	17386	207	52	0
1	10.65	40386	207	52	0
2	10.65	17386	207	52	0
1	10.7	40452	208	50	0
2	10.7	17471	208	50	0
1	10.75	40518	209	50	0
2	10.75	17556	209	50	0
1	10.8	40584	210	53	0
2	10.8	17641	210	53	0
1	10.85	40584	210	53	0
2	10.85	17726	211	53	0
1	10.9	40650	211	51	0
2	10.9	17726	211	53	0
1	10.95	40716	212	51	0
2	10.95	17811	212	51	0
1	11	40782	213	50	0
2	11	17896	213	50	0
1	11.05	40782	213	50	0
2	11.05	17981	214	50	0
1	11.1	40853	214	53	0
2	11.1	17981	214	50	0
1	11.15	40919	215	53	0
2	11.15	18066	215	53	0
1	11.2	40985	216	53	0
2	11.2	18151	216	53	0
1	11.25	41051	217	53	0
2	11.25	18236	217	53	0
1	11.3	41051	217	53	0
2	11.3	18236	217	53	0
1	11.35	41117	218	53	0
2	11.35	18321	218	53	0
1	11.4	41183	219	54	0
2	11.4	18406	219	54	0
1	11.45	41249	220	54	0
2	11.45	18491	220	54	0
1	11.5	41249	220	54	0
2	11.5	18491	220	54	0
1	11.55	41315	221	52	0
2	11.55	18576	221	52	0
1	11.6	41381	222	54	0
2	11.6	18661	222	54	0
1	11.65	41447	223	54	0
2	11.65	18746	223	54	0
1	11.7	41447	223	54	0
2	11.7	18746	223	54	0
1	11.75	41513	224	54	0
2	11.75	18831	224	54	0
1	11.8	41584	225	51	0
2	11.8	18916	225	51	0
1	11.85	41650	226	51	0
2	11.85	19001	226	51	0
1	11.9	41650	226	51	0
2	11.9	19086	227	53	0
1	11.95	41716	227	53	0
2	11.95	19086	227	53	0
1	12	41782	228	50	0
2	12	19171	228	50	0
1	12.05	41848	229	50	0
2	12.05	19256	229	50	0
1	12.1	41914	230	53	0
2	12.1	19341	230	53	0
1	12.15	41914	230	53	0
2	12.15	19341	230	53	0
1	12.2	41980	231	50	0
2	12.2	19426	231	53	0
1	12.25	42046	232	50	0
2	12.25	19511	232	50	0
1	12.3	42112	233	51	0
2	12.3	19596	233	51	0
1	12.35	42112	233	51	0
2	12.35	19681	234	51	0
1	12.4	42178	234	50	0
2	12.4	19681	234	51	0
1	12.45	42244	235	50	0
2	12.45	19766	235	50	0
1	12.5	42315	236	52	0
2	12.5	19851	236	52	0
1	12.55	42381	237	52	0
2	12.55	19936	237	52	0
1	12.6	42381	237	52	0
2	12.6	20021	238	51	0
1	12.65	42447	238	51	0
2	12.65	20021	238	51	0
1	12.7	42513	239	53	0
2	12.7	20106	239	53	0
1	12.75	42579	240	53	0
2	12.75	20191	240	53	0
1	12.8	42645	241	50	0
2	12.8	20276	241	50	0
1	12.85	42645	241	50	0
2	12.85	20361	242	50	0
1	12.9	42711	242	53	0
2	12.9	20361	242	50	0
1	12.95	42777	243	53	0
2	12.95	20446	243	53	0
1	13	42843	244	52	0
2	13	20531	244	52	0
1	13.05	42843	244	52	0
2	13.05	20616	245	52	0
1	13.1	42909	245	53	0
2	13.1	20616	245	52	0
1	13.15	42975	246	53	0
2	13.15	20701	246	53	0
1	13.2	43046	247	52	0
2	13.2	20786	247	52	0
1	13.25	43046	247	52	0
2	13.25	20871	248	52	0
1	13.3	43112	248	52	0
2	13.3	20871	248	52	0
1	13.35	43178	249	52	0
2	13.35	20956	249	52	0
1	13.4	43244	250	54	0
2	13.4	21041	250	54	0
1	13.45	43310	251	54	0
2	13.45	21126	251	54	0
1	13.5	43310	251	54	0
2	13.5	21126	251	54	0
1	13.55	43376	252	52	0
2	13.55	21211	252	52	0
1	13.6	43442	253	53	0
2	13.6	21296	253	53	0
1	13.65	43442	253	53	0
2	13.65	21381	254	53	0
1	13.7	43508	254	53	0
2	13.7	21381	254	53	0
1	13.75	43574	255	53	0
2	13.75	21466	255	53	0
1	13.8	43641	256	53	0
2	13.8	21552	256	53	0
1	13.85	43708	257	53	0
2	13.85	21638	257	53	0
1	13.9	43708	257	53	0
2	13.9	21724	258	54	0
1	13.95	43780	258	54	0
2	13.95	21724	258	54	0
1	14	43847	259	53	0
2	14	21810	259	53	0
1	14.05	43914	260	53	0
2	14.05	21896	260	53	0
1	14.1	43914	260	53	0
2	14.1	21982	261	50	0
1	14.15	43981	261	50	0
2	14.15	21982	261	50	0
1	14.2	44048	262	50	0
2	14.2	22068	262	50	0
1	14.25	44115	263	50	0
2	14.25	22154	263	50	0
1	14.3	44182	264	51	0
2	14.3	22240	264	51	0
1	14.35	44182	264	51	0
2	14.35	22326	265	51	0
1	14.4	44249	265	52	0
2	14.4	22326	265	51	0
1	14.45	44316	266	52	0
2	14.45	22412	266	52	0
1	14.5	44383	267	53	0
2	14.5	22498	267	53	0
1	14.55	44383	267	53	0
2	14.55	22584	268	53	0
1	14.6	44450	268	50	0
2	14.6	22584	268	53	0
1	14.65	44522	269	50	0
2	14.65	22670	269	50	0
1	14.7	44589	270	52	0
2	14.7	22756	270	52	0
1	14.75	44656	271	52	0
2	14.75	22842	271	52	0
1	14.8	44656	271	52	0
2	14.8	22928	272	54	0
1	14.85	44723	272	54	0
2	14.85	22928	272	54	0
1	14.9	44790	273	50	0
2	14.9	23014	273	50	0
1	14.95	44857	274	50	0
2	14.95	23100	274	50	0
1	15	44924	275	51	0
2	15	23186	275	51	0
1	15.05	44924	275	51	0
2	15.05	23186	275	51	0
1	15.1	44991	276	54	0
2	15.1	23272	276	51	0
1	15.15	45058	277	54	0
2	15.15	23358	277	54	0
1	15.2	45125	278	50	0
2	15.2	23444	278	50	0
1	15.25	45125	278	50	0
2	15.25	23530	279	50	0
1	15.3	45192	279	51	0
2	15.3	23530	279	50	0
1	15.35	45264	280	51	0
2	15.35	23616	280	51	0
1	15.4	45331	281	52	0
2	15.4	23702	281	52	0
1	15.45	45331	281	52	0
2	15.45	23788	282	52	0
1	15.5	45398	282	54	0
2	15.5	23788	282	52	0
1	15.55	45465	283	54	0
2	15.55	23874	283	54	0
1	15.6	45532	284	53	0
2	15.6	23960	284	53	0
1	15.65	45599	285	53	0
2	15.65	24046	285	53	0
1	15.7	45599	285	53	0
2	15.7	24046	285	53	0
1	15.75	45666	286	54	0
2	15.75	24132	286	54	0
1	15.8	45733	287	50	0
2	15.8	24218	287	50	0
1	15.85	45800	288	50	0
2	15.85	24304	288	50	0
1	15.9	45800	288	50	0
2	15.9	24390	289	54	0
1	15.95	45867	289	54	0
2	15.95	24390	289	54	0
1	16	45934	290	53	0
2	16	24476	290	53	0
1	16.05	46006	291	53	0
2	16.05	24562	291	53	0
1	16.1	46006	291	53	0
2	16.1	24648	292	52	0
1	16.15	46073	292	52	0
2	16.15	24648	292	52	0
1	16.2	46140	293	53	0
2	16.2	24734	293	53	0
1	16.25	46207	294	53	0
2	16.25	24820	294	53	0
1	16.3	46274	295	52	0
2	16.3	24906	295	52	0
1	16.35	46274	295	52	0
2	16.35	24992	296	52	0
1	16.4	46341	296	50	0
2	16.4	24992	296	52	0
1	16.45	46408	297	50	0
2	16.45	25078	297	50	0
1	16.5	46475	298	54	0
2	16.5	25164	298	54	0
1	16.55	46475	298	54	0
2	16.55	25250	299	54	0
1	16.6	46542	299	51	0
2	16.6	25250	299	54	0
1	16.65	46609	300	51	0
2	16.65	25336	300	51	0
1	16.7	46676	301	53	0
2	16.7	25422	301	53	0
1	16.75	46676	301	53	0
2	16.75	25508	302	53	0
1	16.8	46748	302	54	0
2	16.8	25508	302	53	0
1	16.85	46815	303	54	0
2	16.85	25594	303	54	0
1	16.9	46882	304	51	0
2	16.9	25680	304	51	0
1	16.95	46949	305	51	0
2	16.95	25766	305	51	0
1	17	46949	305	51	0
2	17	25852	306	54	0
1	17.05	47016	306	54	0
2	17.05	25852	306	54	0
1	17.1	47083	307	52	0
2	17.1	25938	307	52	0
1	17.15	47150	308	52	0
2	17.15	26024	308	52	0
1	17.2	47150	308	52	0
2	17.2	26110	309	51	0
1	17.25	47217	309	51	0
2	17.25	26110	309	51	0
1	17.3	47284	310	50	0
2	17.3	26196	310	50	0
1	17.35	47351	311	50	0
2	17.35	26282	311	50	0
1	17.4	47418	312	51	0
2	17.4	26368	312	51	0
1	17.45	47418	312	51	0
2	17.45	26368	312	51	0
1	17.5	47490	313	50	0
2	17.5	26454	313	51	0
1	17.55	47557	314	50	0
2	17.55	26540	314	50	0
1	17.6	47624	315	52	0
2	17.6	26626	315	52	0
1	17.65	47624	315	52	0
2	17.65	26712	316	52	0
1	17.7	47691	316	53	0
2	17.7	26712	316	52	0
1	17.75	47758	317	53	0
2	17.75	26798	317	53	0
1	17.8	47825	318	52	0
2	17.8	26884	318	52	0
1	17.85	47892	319	52	0
2	17.85	26970	319	52	0
1	17.9	47892	319	52	0
2	17.9	27056	320	51	0
1	17.95	47959	320	51	0
2	17.95	27056	320	51	0
1	18	48026	321	53	0
2	18	27142	321	53	0
1	18.05	48093	322	53	0
2	18.05	27228	322	53	0
1	18.1	48160	323	50	0
2	18.1	27314	323	50	0
1	18.15	48160	323	50	0
2	18.15	27400	324	50	0
1	18.2	48232	324	52	0
2	18.2	27400	324	50	0
1	18.25	48299	325	52	0
2	18.25	27486	325	52	0
1	18.3	48299	325	52	0
2	18.3	27572	326	52	0
1	18.35	48366	326	52	0
2	18.35	27572	326	52	0
1	18.4	48433	327	51	0
2	18.4	27658	327	51	0
1	18.45	48500	328	51	0
2	18.45	27744	328	51	0
1	18.5	48567	329	52	0
2	18.5	27830	329	52	0
1	18.55	48567	329	52	0
2	18.55	27916	330	52	0
1	18.6	48634	330	52	0
2	18.6	27916	330	52	0
1	18.65	48701	331	52	0
2	18.65	28002	331	52	0
1	18.7	48768	332	50	0
2	18.7	28088	332	50	0
1	18.75	48835	333	50	0
2	18.75	28174	333	50	0
1	18.8	48835	333	50	0
2	18.8	28260	334	52	0
1	18.85	48902	334	52	0
2	18.85	28260	334	52	0
1	18.9	48974	335	54	0
2	18.9	28346	335	54	0
1	18.95	49041	336	54	0
2	18.95	28432	336	54	0
1	19	49041	336	54	0
2	19	28518	337	53	0
1	19.05	49108	337	53	0
2	19.05	28518	337	53	0
1	19.1	49175	338	50	0
2	19.1	28604	338	50	0
1	19.15	49242	339	50	0
2	19.15	28690	339	50	0
1	19.2	49242	339	50	0
2	19.2	28776	340	53	0
1	19.25	49309	340	53	0
2	19.25	28776	340	53	0
1	19.3	49376	341	53	0
2	19.3	28862	341	53	0
1	19.35	49443	342	53	0
2	19.35	28948	342	53	0
1	19.4	49510	343	50	0
2	19.4	29034	343	50	0
1	19.45	49510	343	50	0
2	19.45	29120	344	50	0
1	19.5	49577	344	54	0
2	19.5	29120	344	50	0
1	19.55	49644	345	54	0
2	19.55	29206	345	54	0
1	19.6	49716	346	53	0
2	19.6	29292	346	53	0
1	19.65	49783	347	53	0
2	19.65	29378	347	53	0
1	19.7	49783	347	53	0
2	19.7	29464	348	50	0
1	19.75	49850	348	50	0
2	19.75	29464	348	50	0
1	19.8	49917	349	54	0
2	19.8	29550	349	54	0
1	19.85	49917	349	54	0
2	19.85	29636	350	54	0
1	19.9	49984	350	53	0
2	19.9	29636	350	54	0
1	19.95	50051	351	53	0
2	19.95	29722	351	53	0
1	20	50118	352	53	0
2	20	29808	352	53	0
1	20.05	50185	353	53	0
2	20.05	29894	353	53	0
1	20.1	50185	353	53	0
2	20.1	29980	354	53	0
1	20.15	50252	354	53	0
2	20.15	29980	354	53	0
1	20.2	50319	355	52	0
2	20.2	30066	355	52	0
1	20.25	50386	356	52	0
2	20.25	30152	356	52	0
1	20.3	50458	357	54	0
2	20.3	30152	356	52	0
1	20.35	50458	357	54	0
2	20.35	30238	357	54	0
1	20.4	50525	358	50	0
2	20.4	30324	358	54	0
1	20.45	50592	359	50	0
2	20.45	30410	359	50	0
1	20.5	50592	359	50	0
2	20.5	30496	360	51	0
1	20.55	50659	360	51	0
2	20.55	30496	360	51	0
1	20.6	50726	361	53	0
2	20.6	30582	361	53	0
1	20.65	50793	362	53	0
2	20.65	30668	362	53	0
1	20.7	50860	363	54	0
2	20.7	30754	363	54	0
1	20.75	50860	363	54	0
2	20.75	30840	364	54	0
1	20.8	50927	364	54	0
2	20.8	30840	364	54	0
1	20.85	50994	365	54	0
2	20.85	30926	365	54	0
1	20.9	51061	366	52	0
2	20.9	31012	366	52	0
1	20.95	51061	366	52	0
2	20.95	31012	366	52	0
1	21	51128	367	53	0
2	21	31098	367	52	0
1	21.05	51200	368	53	0
2	21.05	31184	368	53	0
1	21.1	51267	369	50	0
2	21.1	31270	369	50	0
1	21.15	51267	369	50	0
2	21.15	31356	370	50	0
1	21.2	51334	370	53	0
2	21.2	31356	370	50	0
1	21.25	51401	371	53	0
2	21.25	31442	371	53	0
1	21.3	51468	372	51	0
2	21.3	31528	372	51	0
1	21.35	51535	373	51	0
2	21.35	31614	373	51	0
1	21.4	51535	373	51	0
2	21.4	31700	374	51	0
1	21.45	51602	374	51	0
2	21.45	31700	374	51	0
1	21.5	51669	375	52	0
2	21.5	31786	375	52	0
1	21.55	51736	376	52	0
2	21.55	31872	376	52	0
1	21.6	51803	377	51	0
2	21.6	31958	377	51	0
1	21.65	51803	377	51	0
2	21.65	32044	378	51	0
1	21.7	51870	378	52	0
2	21.7	32044	378	51	0
1	21.75	51942	379	52	0
2	21.75	32130	379	52	0
1	21.8	52009	380	50	0
2	21.8	32216	380	50	0
1	21.85	52076	381	50	0
2	21.85	32302	381	50	0
1	21.9	52076	381	50	0
2	21.9	32388	382	51	0
1	21.95	52143	382	51	0
2	21.95	32388	382	51	0
1	22	52210	383	51	0
2	22	32474	383	51	0
1	22.05	52210	383	51	0
2	22.05	32560	384	51	0
1	22.1	52277	384	52	0
2	22.1	32560	384	51	0
1	22.15	52344	385	52	0
2	22.15	32646	385	52	0
1	22.2	52411	386	53	0
2	22.2	32732	386	53	0
1	22.25	52478	387	53	0
2	22.25	32818	387	53	0
1	22.3	52478	387	53	0
2	22.3	32904	388	54	0
1	22.35	52545	388	54	0
2	22.35	32904	388	54	0
1	22.4	52612	389	54	0
2	22.4	32990	389	54	0
1	22.45	52684	390	54	0
2	22.45	33076	390	54	0
1	22.5	52684	390	54	0
2	22.5	33076	390	54	0
1	22.55	52751	391	54	0
2	22.55	33162	391	54	0
1	22.6	52818	392	54	0
2	22.6	33248	392	54	0
1	22.65	52885	393	54	0
2	22.65	33334	393	54	0
1	22.7	52885	393	54	0
2	22.7	33420	394	50	0
1	22.75	52952	394	50	0
2	22.75	33420	394	50	0
1	22.8	53019	395	51	0
2	22.8	33506	395	51	0
1	22.85	53086	396	51	0
2	22.85	33592	396	51	0
1	22.9	53153	397	54	0
2	22.9	33678	397	54	0
1	22.95	53153	397	54	0
2	22.95	33764	398	54	0
1	23	53220	398	51	0
2	23	33764	398	54	0
1	23.05	53287	399	51	0
2	23.05	33850	399	51	0
1	23.1	53354	400	53	0
2	23.1	33936	400	53	0
1	23.15	53354	400	53	0
2	23.15	33936	400	53	0
1	23.2	53426	401	53	0
2	23.2	34022	401	53	0
1	23.25	53493	402	50	0
2	23.25	34108	402	50	0
1	23.3	53560	403	52	0
2	23.3	34194	403	52	0
1	23.35	53560	403	52	0
2	23.35	34280	404	52	0
1	23.4	53627	404	52	0
2	23.4	34280	404	52	0
1	23.45	53694	405	52	0
2	23.45	34366	405	52	0
1	23.5	53761	406	50	0
2	23.5	34452	406	50	0
1	23.55	53828	407	50	0
2	23.55	34538	407	50	0
1	23.6	53828	407	50	0
2	23.6	34624	408	53	0
1	23.65	53895	408	53	0
2	23.65	34624	408	53	0
1	23.7	53962	409	51	0
2	23.7	34710	409	51	0
1	23.75	54029	410	51	0
2	23.75	34796	410	51	0
1	23.8	54096	411	52	0
2	23.8	34882	411	52	0
1	23.85	54096	411	52	0
2	23.85	34968	412	52	0
1	23.9	54168	412	52	0
2	23.9	34968	412	52	0
1	23.95	54235	413	52	0
2	23.95	35054	413	52	0
1	24	54302	414	53	0
2	24	35140	414	53	0
1	24.05	54302	414	53	0
2	24.05	35140	414	53	0
1	24.1	54369	415	53	0
2	24.1	35226	415	53	0
1	24.15	54436	416	51	0
2	24.15	35312	416	51	0
1	24.2	54503	417	50	0
2	24.2	35398	417	50	0
1	24.25	54503	417	50	0
2	24.25	35484	418	50	0
1	24.3	54570	418	53	0
2	24.3	35484	418	50	0
1	24.35	54637	419	53	0
2	24.35	35570	419	53	0
1	24.4	54704	420	51	0
2	24.4	35656	420	51	0
1	24.45	54771	421	51	0
2	24.45	35742	421	51	0
1	24.5	54771	421	51	0
2	24.5	35828	422	50	0
1	24.55	54838	422	50	0
2	24.55	35828	422	50	0
1	24.6	54910	423	53	0
2	24.6	35914	423	53	0
1	24.65	54977	424	53	0
2	24.65	36000	424	53	0
1	24.7	55044	425	53	0
2	24.7	36086	425	53	0
1	24.75	55044	425	53	0
2	24.75	36172	426	53	0
1	24.8	55111	426	54	0
2	24.8	36172	426	53	0
1	24.85	55178	427	54	0
2	24.85	36258	427	54	0
1	24.9	55178	427	54	0
2	24.9	36344	428	52	0
1	24.95	55245	428	52	0
2	24.95	36344	428	52	0
1	25	55312	429	54	0
2	25	36430	429	54	0
1	25.05	55379	430	54	0
2	25.05	36516	430	54	0
1	25.1	55446	431	53	0
2	25.1	36602	431	53	0
1	25.15	55446	431	53	0
2	25.15	36688	432	53	0
1	25.2	55513	432	50	0
2	25.2	36688	432	53	0
1	25.25	55580	433	50	0
2	25.25	36774	433	50	0
1	25.3	55652	434	50	0
2	25.3	36860	434	50	0
1	25.35	55719	435	50	0
2	25.35	36946	435	50	0
1	25.4	55719	435	50	0
2	25.4	37032	436	54	0
1	25.45	55786	436	54	0
2	25.45	37032	436	54	0
1	25.5	55853	437	52	0
2	25.5	37118	437	52	0
1	25.55	55853	437	52	0
2	25.55	37204	438	52	0
1	25.6	55920	438	52	0
2	25.6	37204	438	52	0
1	25.65	55987	439	54	0
2	25.65	37290	439	54	0
1	25.7	56054	440	50	0
2	25.7	37376	440	50	0
1	25.75	56121	441	50	0
2	25.75	37462	441	50	0
1	25.8	56121	441	50	0
2	25.8	37548	442	50	0
1	25.85	56188	442	50	0
2	25.85	37548	442	50	0
1	25.9	56255	443	50	0
2	25.9	37634	443	50	0
1	25.95	56322	444	50	0
2	25.95	37720	444	50	0
1	26	56394	445	50	0
2	26	37806	445	50	0
1	26.05	56394	445	50	0
2	26.05	37892	446	50	0
1	26.1	56461	446	51	0
2	26.1	37892	446	50	0
1	26.15	56528	447	51	0
2	26.15	37978	447	51	0
1	26.2	56595	448	52	0
2	26.2	38064	448	52	0
1	26.25	56662	449	52	0
2	26.25	38150	449	52	0
1	26.3	56662	449	52	0
2	26.3	38236	450	52	0
1	26.35	56729	450	52	0
2	26.35	38236	450	52	0
1	26.4	56796	451	52	0
2	26.4	38322	451	52	0
1	26.45	56863	452	52	0
2	26.45	38408	452	52	0
1	26.5	56930	453	54	0
2	26.5	38494	453	54	0
1	26.55	56930	453	54	0
2	26.55	38494	453	54	0
1	26.6	56997	454	53	0
2	26.6	38580	454	54	0
1	26.65	57064	455	53	0
2	26.65	38666	455	53	0
1	26.7	57064	455	53	0
2	26.7	38752	456	53	0
1	26.75	57136	456	53	0
2	26.75	38752	456	53	0
1	26.8	57203	457	52	0
2	26.8	38838	457	52	0
1	26.85	57270	458	52	0
2	26.85	38924	458	52	0
1	26.9	57337	459	54	0
2	26.9	39010	459	54	0
1	26.95	57337	459	54	0
2	26.95	39096	460	54	0
1	27	57404	460	52	0
2	27	39096	460	54	0
1	27.05	57471	461	52	0
2	27.05	39182	461	52	0
1	27.1	57538	462	54	0
2	27.1	39268	462	54	0
1	27.15	57538	462	54	0
2	27.15	39268	462	54	0
1	27.2	57605	463	53	0
2	27.2	39354	463	54	0
1	27.25	57672	464	53	0
2	27.25	39440	464	53	0
1	27.3	57739	465	54	0
2	27.3	39526	465	54	0
1	27.35	57739	465	54	0
2	27.35	39612	466	54	0
1	27.4	57806	466	54	0
2	27.4	39612	466	54	0
1	27.45	57878	467	54	0
2	27.45	39698	467	54	0
1	27.5	57945	468	54	0
2	27.5	39784	468	54	0
1	27.55	57945	468	54	0
2	27.55	39784	468	54	0
1	27.6	58012	469	54	0
2	27.6	39870	469	54	0
1	27.65	58079	470	52	0
2	27.65	39956	470	52	0
1	27.7	58146	471	53	0
2	27.7	40042	471	53	0
1	27.75	58146	471	53	0
2	27.75	40128	472	53	0
1	27.8	58213	472	54	0
2	27.8	40128	472	53	0
1	27.85	58280	473	54	0
2	27.85	40214	473	54	0
1	27.9	58347	474	52	0
2	27.9	40300	474	52	0
1	27.95	58414	475	52	0
2	27.95	40386	475	52	0
1	28	58414	475	52	0
2	28	40472	476	51	0
1	28.05	58481	476	51	0
2	28.05	40472	476	51	0
1	28.1	58548	477	50	0
2	28.1	40558	477	50	0
1	28.15	58620	478	50	0
2	28.15	40644	478	50	0
1	28.2	58687	479	50	0
2	28.2	40730	479	50	0
1	28.25	58687	479	50	0
2	28.25	40816	480	50	0
1	28.3	58754	480	51	0
2	28.3	40816	480	50	0
1	28.35	58821	481	51	0
2	28.35	40902	481	51	0
1	28.4	58821	481	51	0
2	28.4	40988	482	53	0
1	28.45	58888	482	53	0
2	28.45	40988	482	53	0
1	28.5	58955	483	54	0
2	28.5	41074	483	54	0
1	28.55	59022	484	54	0
2	28.55	41160	484	54	0
1	28.6	59089	485	53	0
2	28.6	41246	485	53	0
1	28.65	59089	485	53	0
2	28.65	41332	486	53	0
1	28.7	59156	486	50	0
2	28.7	41332	486	53	0
1	28.75	59223	487	50	0
2	28.75	41418	487	50	0
1	28.8	59290	488	52	0
2	28.8	41504	488	52	0
1	28.85	59362	489	52	0
2	28.85	41590	489	52	0
1	28.9	59362	489	52	0
2	28.9	41676	490	52	0
1	28.95	59429	490	52	0
2	28.95	41676	490	52	0
1	29	59496	491	51	0
2	29	41762	491	51	0
1	29.05	59563	492	51	0
2	29.05	41848	492	51	0
1	29.1	59563	492	51	0
2	29.1	41848	492	51	0
1	29.15	59630	493	54	0
2	29.15	41934	493	54	0
1	29.2	59697	494	51	0
2	29.2	42020	494	51	0
1	29.25	59764	495	51	0
2	29.25	42106	495	51	0
1	29.3	59764	495	51	0
2	29.3	42192	496	51	0
1	29.35	59831	496	51	0
2	29.35	42192	496	51	0
1	29.4	59898	497	51	0
2	29.4	42278	497	51	0
1	29.45	59965	498	51	0
2	29.45	42364	498	51	0
1	29.5	60032	499	50	0
2	29.5	42450	499	50	0
1	29.55	60032	499	50	0
2	29.55	42536	500	50	0
1	29.6	60104	500	54	0
2	29.6	42536	500	50	0
1	29.65	60171	501	54	0
2	29.65	42622	501	54	0
1	29.7	60238	502	50	0
2	29.7	42708	502	50	0
1	29.75	60305	503	50	0
2	29.75	42794	503	50	0
1	29.8	60305	503	50	0
2	29.8	42880	504	52	0
1	29.85	60372	504	52	0
2	29.85	42880	504	52	0
1	29.9	60439	505	53	0
2	29.9	42966	505	53	0
1	29.95	60506	506	53	0
2	29.95	43052	506	53	0
