1	1.05	0	0	0	-nan
1	1.1	1260	1	53	-nan
2	1.1	0	0	0	-nan
1	1.15	1260	1	53	-nan
2	1.15	129	2	51	0
1	1.2	9838	7	56	0
2	1.2	129	2	51	0
1	1.25	9838	7	56	0
2	1.25	350	6	54	0
1	1.3	20505	15	54	0
2	1.3	408	7	52	0
1	1.35	25114	19	52	0
2	1.35	1008	14	52	0
1	1.4	25226	21	50	0
2	1.4	1491	20	50	0
1	1.45	25404	24	50	0
2	1.45	1661	22	50	0
1	1.5	25404	24	50	0
2	1.5	1916	25	51	0
1	1.55	27050	27	51	0
2	1.55	1916	25	51	0
1	1.6	27112	28	52	0
2	1.6	2086	27	52	0
1	1.65	27176	29	52	0
2	1.65	2256	29	52	0
1	1.7	28760	31	54	0
2	1.7	2341	30	53	0
1	1.75	28824	32	53	0
2	1.75	2511	32	53	0
1	1.8	28888	33	53	0
2	1.8	2596	33	53	0
1	1.85	29016	35	53	0
2	1.85	2681	34	53	0
1	1.9	29080	36	50	0
2	1.9	2851	36	50	0
1	1.95	29144	37	50	0
2	1.95	2936	37	50	0
1	2	29213	38	53	0
2	2	3021	38	53	0
1	2.05	29277	39	53	0
2	2.05	3106	39	53	0
1	2.1	29405	41	52	0
2	2.1	3191	40	52	0
1	2.15	29405	41	52	0
2	2.15	3361	42	52	0
1	2.2	29533	43	51	0
2	2.2	3361	42	52	0
1	2.25	29597	44	51	0
2	2.25	3531	44	51	0
1	2.3	29661	45	53	0
2	2.3	3616	45	53	0
1	2.35	29725	46	53	0
2	2.35	3701	46	53	0
1	2.4	29789	47	53	0
2	2.4	3786	47	53	0
1	2.45	29922	49	53	0
2	2.45	3871	48	53	0
1	2.5	29986	50	52	0
2	2.5	4041	50	52	0
1	2.55	30050	51	52	0
2	2.55	4126	51	52	0
1	2.6	30114	52	50	0
2	2.6	4211	52	50	0
1	2.65	30178	53	50	0
2	2.65	4296	53	50	0
1	2.7	30306	55	52	0
2	2.7	4381	54	52	0
1	2.75	30370	56	52	0
2	2.75	4466	55	52	0
1	2.8	30434	57	52	0
2	2.8	4636	57	52	0
1	2.85	30498	58	52	0
2	2.85	4721	58	52	0
1	2.9	30562	59	50	0
2	2.9	4806	59	50	0
1	2.95	30631	60	50	0
2	2.95	4891	60	50	0
1	3	30759	62	52	0
2	3	4976	61	52	0
1	3.05	30759	62	52	0
2	3.05	5146	63	52	0
1	3.1	30887	64	50	0
2	3.1	5146	63	52	0
1	3.15	30951	65	50	0
2	3.15	5316	65	50	0
1	3.2	31017	66	52	0
2	3.2	5401	66	52	0
1	3.25	31083	67	52	0
2	3.25	5486	67	52	0
1	3.3	31149	68	52	0
2	3.3	5571	68	52	0
1	3.35	31281	70	52	0
2	3.35	5656	69	52	0
1	3.4	31352	71	50	0
2	3.4	5826	71	50	0
1	3.45	31418	72	50	0
2	3.45	5911	72	50	0
1	3.5	31484	73	50	0
2	3.5	5996	73	50	0
1	3.55	31550	74	50	0
2	3.55	6081	74	50	0
1	3.6	31682	76	51	0
2	3.6	6166	75	51	0
1	3.65	31748	77	51	0
2	3.65	6336	77	51	0
1	3.7	31814	78	50	0
2	3.7	6421	78	50	0
1	3.75	31880	79	50	0
2	3.75	6506	79	50	0
1	3.8	31946	80	53	0
2	3.8	6591	80	53	0
1	3.85	32083	82	53	0
2	3.85	6676	81	53	0
1	3.9	32149	83	53	0
2	3.9	6761	82	53	0
1	3.95	32215	84	53	0
2	3.95	6931	84	53	0
1	4	32281	85	53	0
2	4	7016	85	53	0
1	4.05	32347	86	53	0
2	4.05	7101	86	53	0
1	4.1	32413	87	50	0
2	4.1	7186	87	50	0
1	4.15	32545	89	50	0
2	4.15	7271	88	50	0
1	4.2	32545	89	50	0
2	4.2	7356	89	53	0
1	4.25	32677	91	53	0
2	4.25	7441	90	53	0
1	4.3	32743	92	53	0
2	4.3	7611	92	53	0
1	4.35	32814	93	53	0
2	4.35	7696	93	53	0
1	4.4	32880	94	54	0
2	4.4	7781	94	54	0
1	4.45	32946	95	54	0
2	4.45	7866	95	54	0
1	4.5	33012	96	54	0
2	4.5	7951	96	54	0
1	4.55	33144	98	54	0
2	4.55	8036	97	54	0
1	4.6	33210	99	52	0
2	4.6	8206	99	52	0
1	4.65	33276	100	52	0
2	4.65	8291	100	52	0
1	4.7	33342	101	52	0
2	4.7	8376	101	52	0
1	4.75	33408	102	52	0
2	4.75	8461	102	52	0
1	4.8	33474	103	50	0
2	4.8	8546	103	50	0
1	4.85	33545	104	50	0
2	4.85	8631	104	50	0
1	4.9	33677	106	52	0
2	4.9	8716	105	52	0
1	4.95	33743	107	52	0
2	4.95	8886	107	52	0
1	5	33809	108	54	0
2	5	8971	108	54	0
1	5.05	33875	109	54	0
2	5.05	9056	109	54	0
1	5.1	33941	110	51	0
2	5.1	9141	110	51	0
1	5.15	34073	112	51	0
2	5.15	9226	111	51	0
1	5.2	34139	113	52	0
2	5.2	9396	113	52	0
1	5.25	34205	114	52	0
2	5.25	9481	114	52	0
1	5.3	34276	115	52	0
2	5.3	9566	115	52	0
1	5.35	34342	116	52	0
2	5.35	9651	116	52	0
1	5.4	34408	117	52	0
2	5.4	9736	117	52	0
1	5.45	34540	119	52	0
2	5.45	9821	118	52	0
1	5.5	34540	119	52	0
2	5.5	9906	119	54	0
1	5.55	34672	121	54	0
2	5.55	9991	120	54	0
1	5.6	34738	122	52	0
2	5.6	10161	122	52	0
1	5.65	34804	123	52	0
2	5.65	10246	123	52	0
1	5.7	34870	124	53	0
2	5.7	10331	124	53	0
1	5.75	34936	125	53	0
2	5.75	10416	125	53	0
1	5.8	35007	126	53	0
2	5.8	10501	126	53	0
1	5.85	35139	128	53	0
2	5.85	10586	127	53	0
1	5.9	35205	129	52	0
2	5.9	10756	129	52	0
1	5.95	35271	130	52	0
2	5.95	10841	130	52	0
1	6	35337	131	53	0
2	6	10926	131	53	0
1	6.05	35403	132	53	0
2	6.05	11011	132	53	0
1	6.1	35469	133	54	0
2	6.1	11096	133	54	0
1	6.15	35535	134	54	0
2	6.15	11181	134	54	0
1	6.2	35667	136	53	0
2	6.2	11266	135	53	0
1	6.25	35738	137	53	0
2	6.25	11436	137	53	0
1	6.3	35804	138	54	0
2	6.3	11521	138	54	0
1	6.35	35870	139	54	0
2	6.35	11606	139	54	0
1	6.4	35936	140	50	0
2	6.4	11691	140	50	0
1	6.45	36002	141	50	0
2	6.45	11776	141	50	0
1	6.5	36134	143	50	0
2	6.5	11861	142	50	0
1	6.55	36200	144	50	0
2	6.55	12031	144	50	0
1	6.6	36266	145	52	0
2	6.6	12116	145	52	0
1	6.65	36332	146	52	0
2	6.65	12201	146	52	0
1	6.7	36398	147	51	0
2	6.7	12286	147	51	0
1	6.75	36535	149	51	0
2	6.75	12371	148	51	0
1	6.8	36535	149	51	0
2	6.8	12541	150	51	0
1	6.85	36667	151	51	0
2	6.85	12541	150	51	0
1	6.9	36733	152	51	0
2	6.9	12711	152	51	0
1	6.95	36799	153	51	0
2	6.95	12796	153	51	0
1	7	36865	154	53	0
2	7	12881	154	53	0
1	7.05	36931	155	53	0
2	7.05	12966	155	53	0
1	7.1	37063	157	51	0
2	7.1	13051	156	51	0
1	7.15	37129	158	51	0
2	7.15	13221	158	51	0
1	7.2	37200	159	53	0
2	7.2	13306	159	53	0
1	7.25	37266	160	53	0
2	7.25	13391	160	53	0
1	7.3	37332	161	50	0
2	7.3	13476	161	50	0
1	7.35	37464	163	50	0
2	7.35	13561	162	50	0
1	7.4	37530	164	53	0
2	7.4	13646	163	53	0
1	7.45	37596	165	53	0
2	7.45	13816	165	53	0
1	7.5	37662	166	51	0
2	7.5	13901	166	51	0
1	7.55	37728	167	51	0
2	7.55	13986	167	51	0
1	7.6	37794	168	50	0
2	7.6	14071	168	50	0
1	7.65	37931	170	50	0
2	7.65	14156	169	50	0
1	7.7	37931	170	50	0
2	7.7	14326	171	54	0
1	7.75	38063	172	54	0
2	7.75	14326	171	54	0
1	7.8	38129	173	51	0
2	7.8	14496	173	51	0
1	7.85	38195	174	51	0
2	7.85	14581	174	51	0
1	7.9	38327	176	52	0
2	7.9	14666	175	52	0
1	7.95	38327	176	52	0
2	7.95	14836	177	52	0
1	8	38459	178	52	0
2	8	14836	177	52	0
1	8.05	38525	179	52	0
2	8.05	15006	179	52	0
1	8.1	38591	180	53	0
2	8.1	15091	180	53	0
1	8.15	38662	181	53	0
2	8.15	15176	181	53	0
1	8.2	38728	182	52	0
2	8.2	15261	182	52	0
1	8.25	38794	183	52	0
2	8.25	15346	183	52	0
1	8.3	38926	185	54	0
2	8.3	15431	184	54	0
1	8.35	38926	185	54	0
2	8.35	15601	186	54	0
1	8.4	39058	187	54	0
2	8.4	15601	186	54	0
1	8.45	39124	188	54	0
2	8.45	15771	188	54	0
1	8.5	39190	189	54	0
2	8.5	15856	189	54	0
1	8.55	39256	190	54	0
2	8.55	15941	190	54	0
1	8.6	39322	191	53	0
2	8.6	16026	191	53	0
1	8.65	39393	192	53	0
2	8.65	16111	192	53	0
1	8.7	39525	194	53	0
2	8.7	16196	193	53	0
1	8.75	39591	195	53	0
2	8.75	16366	195	53	0
1	8.8	39657	196	51	0
2	8.8	16451	196	51	0
1	8.85	39723	197	51	0
2	8.85	16536	197	51	0
1	8.9	39789	198	53	0
2	8.9	16621	198	53	0
1	8.95	39921	200	53	0
2	8.95	16706	199	53	0
1	9	39921	200	53	0
2	9	16876	201	50	0
1	9.05	40053	202	50	0
2	9.05	16876	201	50	0
1	9.1	40124	203	52	0
2	9.1	17046	203	52	0
1	9.15	40190	204	52	0
2	9.15	17131	204	52	0
1	9.2	40256	205	53	0
2	9.2	17216	205	53	0
1	9.25	40322	206	53	0
2	9.25	17301	206	53	0
1	9.3	40454	208	53	0
2	9.3	17386	207	53	0
1	9.35	40520	209	53	0
2	9.35	17471	208	53	0
1	9.4	40586	210	54	0
2	9.4	17641	210	54	0
1	9.45	40652	211	54	0
2	9.45	17641	210	54	0
1	9.5	40718	212	53	0
2	9.5	17811	212	53	0
1	9.55	40784	213	53	0
2	9.55	17896	213	53	0
1	9.6	40921	215	53	0
2	9.6	17981	214	53	0
1	9.65	40921	215	53	0
2	9.65	18066	215	53	0
1	9.7	41053	217	52	0
2	9.7	18151	216	53	0
1	9.75	41119	218	52	0
2	9.75	18321	218	52	0
1	9.8	41185	219	50	0
2	9.8	18406	219	50	0
1	9.85	41251	220	50	0
2	9.85	18491	220	50	0
1	9.9	41317	221	54	0
2	9.9	18576	221	54	0
1	9.95	41383	222	54	0
2	9.95	18661	222	54	0
1	10	41515	224	52	0
2	10	18746	223	52	0
1	10.05	41586	225	52	0
2	10.05	18916	225	52	0
1	10.1	41652	226	52	0
2	10.1	19001	226	52	0
1	10.15	41718	227	52	0
2	10.15	19086	227	52	0
1	10.2	41784	228	52	0
2	10.2	19171	228	52	0
1	10.25	41916	230	52	0
2	10.25	19256	229	52	0
1	10.3	41916	230	52	0
2	10.3	19341	230	54	0
1	10.35	42048	232	54	0
2	10.35	19426	231	54	0
1	10.4	42114	233	51	0
2	10.4	19596	233	51	0
1	10.45	42180	234	51	0
2	10.45	19681	234	51	0
1	10.5	42246	235	50	0
2	10.5	19766	235	50	0
1	10.55	42317	236	50	0
2	10.55	19851	236	50	0
1	10.6	42449	238	53	0
2	10.6	19936	237	53	0
1	10.65	42515	239	53	0
2	10.65	20021	238	53	0
1	10.7	42581	240	54	0
2	10.7	20191	240	54	0
1	10.75	42647	241	54	0
2	10.75	20276	241	54	0
1	10.8	42713	242	52	0
2	10.8	20361	242	52	0
1	10.85	42779	243	52	0
2	10.85	20446	243	52	0
1	10.9	42911	245	50	0
2	10.9	20531	244	50	0
1	10.95	42911	245	50	0
2	10.95	20701	246	50	0
1	11	43048	247	52	0
2	11	20701	246	50	0
1	11.05	43114	248	52	0
2	11.05	20871	248	52	0
1	11.1	43180	249	54	0
2	11.1	20956	249	54	0
1	11.15	43246	250	54	0
2	11.15	21041	250	54	0
1	11.2	43312	251	54	0
2	11.2	21126	251	51	0
1	11.25	43444	253	51	0
2	11.25	21211	252	51	0
1	11.3	43510	254	52	0
2	11.3	21381	254	52	0
1	11.35	43576	255	52	0
2	11.35	21466	255	52	0
1	11.4	43643	256	54	0
2	11.4	21552	256	54	0
1	11.45	43710	257	54	0
2	11.45	21638	257	54	0
1	11.5	43782	258	53	0
2	11.5	21724	258	53	0
1	11.55	43916	260	53	0
2	11.55	21810	259	53	0
1	11.6	43916	260	53	0
2	11.6	21982	261	50	0
1	11.65	44050	262	50	0
2	11.65	21982	261	50	0
1	11.7	44117	263	50	0
2	11.7	22154	263	50	0
1	11.75	44184	264	50	0
2	11.75	22240	264	50	0
1	11.8	44318	266	54	0
2	11.8	22326	265	54	0
1	11.85	44318	266	54	0
2	11.85	22412	266	54	0
1	11.9	44452	268	53	0
2	11.9	22498	267	54	0
1	11.95	44524	269	53	0
2	11.95	22670	269	53	0
1	12	44591	270	51	0
2	12	22756	270	51	0
1	12.05	44658	271	51	0
2	12.05	22842	271	51	0
1	12.1	44725	272	54	0
2	12.1	22928	272	54	0
1	12.15	44792	273	54	0
2	12.15	23014	273	54	0
1	12.2	44926	275	52	0
2	12.2	23100	274	52	0
1	12.25	44926	275	52	0
2	12.25	23272	276	52	0
1	12.3	45060	277	53	0
2	12.3	23272	276	52	0
1	12.35	45127	278	53	0
2	12.35	23444	278	53	0
1	12.4	45194	279	50	0
2	12.4	23530	279	50	0
1	12.45	45333	281	50	0
2	12.45	23616	280	50	0
1	12.5	45333	281	50	0
2	12.5	23702	281	52	0
1	12.55	45467	283	52	0
2	12.55	23788	282	52	0
1	12.6	45534	284	53	0
2	12.6	23960	284	53	0
1	12.65	45601	285	53	0
2	12.65	24046	285	53	0
1	12.7	45668	286	54	0
2	12.7	24132	286	54	0
1	12.75	45735	287	54	0
2	12.75	24218	287	54	0
1	12.8	45802	288	51	0
2	12.8	24304	288	51	0
1	12.85	45936	290	51	0
2	12.85	24390	289	51	0
1	12.9	46008	291	52	0
2	12.9	24562	291	52	0
1	12.95	46075	292	52	0
2	12.95	24648	292	52	0
1	13	46142	293	51	0
2	13	24734	293	51	0
1	13.05	46209	294	51	0
2	13.05	24820	294	51	0
1	13.1	46343	296	53	0
2	13.1	24906	295	53	0
1	13.15	46343	296	53	0
2	13.15	25078	297	53	0
1	13.2	46477	298	50	0
2	13.2	25078	297	53	0
1	13.25	46544	299	50	0
2	13.25	25250	299	50	0
1	13.3	46611	300	53	0
2	13.3	25336	300	53	0
1	13.35	46678	301	53	0
2	13.35	25422	301	53	0
1	13.4	46750	302	51	0
2	13.4	25508	302	51	0
1	13.45	46884	304	51	0
2	13.45	25594	303	51	0
1	13.5	46951	305	52	0
2	13.5	25766	305	52	0
1	13.55	47018	306	52	0
2	13.55	25852	306	52	0
1	13.6	47085	307	50	0
2	13.6	25938	307	50	0
1	13.65	47152	308	50	0
2	13.65	26024	308	50	0
1	13.7	47219	309	54	0
2	13.7	26110	309	54	0
1	13.75	47353	311	54	0
2	13.75	26196	310	54	0
1	13.8	47353	311	54	0
2	13.8	26368	312	54	0
1	13.85	47492	313	54	0
2	13.85	26368	312	54	0
1	13.9	47559	314	52	0
2	13.9	26540	314	52	0
1	13.95	47626	315	52	0
2	13.95	26626	315	52	0
1	14	47693	316	53	0
2	14	26712	316	53	0
1	14.05	47760	317	53	0
2	14.05	26798	317	53	0
1	14.1	47894	319	53	0
2	14.1	26884	318	53	0
1	14.15	47961	320	53	0
2	14.15	26970	319	53	0
1	14.2	48028	321	52	0
2	14.2	27142	321	52	0
1	14.25	48095	322	52	0
2	14.25	27228	322	52	0
1	14.3	48162	323	52	0
2	14.3	27314	323	52	0
1	14.35	48234	324	52	0
2	14.35	27400	324	52	0
1	14.4	48368	326	53	0
2	14.4	27486	325	53	0
1	14.45	48368	326	53	0
2	14.45	27658	327	53	0
1	14.5	48502	328	51	0
2	14.5	27658	327	53	0
1	14.55	48569	329	51	0
2	14.55	27830	329	51	0
1	14.6	48636	330	54	0
2	14.6	27916	330	54	0
1	14.65	48703	331	54	0
2	14.65	28002	331	54	0
1	14.7	48770	332	50	0
2	14.7	28088	332	50	0
1	14.75	48904	334	50	0
2	14.75	28174	333	50	0
1	14.8	48976	335	54	0
2	14.8	28346	335	54	0
1	14.85	49043	336	54	0
2	14.85	28432	336	54	0
1	14.9	49110	337	53	0
2	14.9	28518	337	53	0
1	14.95	49177	338	53	0
2	14.95	28604	338	53	0
1	15	49244	339	50	0
2	15	28690	339	50	0
1	15.05	49378	341	50	0
2	15.05	28776	340	50	0
1	15.1	49378	341	50	0
2	15.1	28948	342	53	0
1	15.15	49512	343	53	0
2	15.15	28948	342	53	0
1	15.2	49579	344	50	0
2	15.2	29120	344	50	0
1	15.25	49646	345	50	0
2	15.25	29206	345	50	0
1	15.3	49785	347	51	0
2	15.3	29292	346	51	0
1	15.35	49785	347	51	0
2	15.35	29464	348	51	0
1	15.4	49919	349	54	0
2	15.4	29464	348	51	0
1	15.45	49986	350	54	0
2	15.45	29636	350	54	0
1	15.5	50053	351	54	0
2	15.5	29722	351	54	0
1	15.55	50120	352	54	0
2	15.55	29808	352	54	0
1	15.6	50187	353	53	0
2	15.6	29894	353	53	0
1	15.65	50254	354	53	0
2	15.65	29980	354	53	0
1	15.7	50388	356	53	0
2	15.7	30066	355	53	0
1	15.75	50388	356	53	0
2	15.75	30238	357	53	0
1	15.8	50527	358	50	0
2	15.8	30238	357	53	0
1	15.85	50594	359	50	0
2	15.85	30410	359	50	0
1	15.9	50661	360	53	0
2	15.9	30496	360	53	0
1	15.95	50795	362	53	0
2	15.95	30582	361	53	0
1	16	50795	362	53	0
2	16	30668	362	54	0
1	16.05	50929	364	54	0
2	16.05	30754	363	54	0
1	16.1	50996	365	54	0
2	16.1	30840	364	54	0
1	16.15	51063	366	54	0
2	16.15	31012	366	54	0
1	16.2	51130	367	53	0
2	16.2	31098	367	53	0
1	16.25	51202	368	53	0
2	16.25	31184	368	53	0
1	16.3	51269	369	53	0
2	16.3	31270	369	53	0
1	16.35	51403	371	53	0
2	16.35	31356	370	53	0
1	16.4	51403	371	53	0
2	16.4	31528	372	54	0
1	16.45	51537	373	54	0
2	16.45	31528	372	54	0
1	16.5	51604	374	53	0
2	16.5	31700	374	53	0
1	16.55	51671	375	53	0
2	16.55	31786	375	53	0
1	16.6	51738	376	52	0
2	16.6	31872	376	52	0
1	16.65	51805	377	52	0
2	16.65	31958	377	52	0
1	16.7	51872	378	51	0
2	16.7	32044	378	51	0
1	16.75	52011	380	51	0
2	16.75	32130	379	51	0
1	16.8	52078	381	50	0
2	16.8	32302	381	50	0
1	16.85	52145	382	50	0
2	16.85	32388	382	50	0
1	16.9	52212	383	53	0
2	16.9	32474	383	53	0
1	16.95	52279	384	53	0
2	16.95	32560	384	53	0
1	17	52413	386	50	0
2	17	32646	385	50	0
1	17.05	52480	387	50	0
2	17.05	32818	387	50	0
1	17.1	52547	388	50	0
2	17.1	32904	388	50	0
1	17.15	52614	389	50	0
2	17.15	32990	389	50	0
1	17.2	52686	390	54	0
2	17.2	33076	390	54	0
1	17.25	52820	392	54	0
2	17.25	33162	391	54	0
1	17.3	52820	392	54	0
2	17.3	33248	392	54	0
1	17.35	52954	394	54	0
2	17.35	33334	393	54	0
1	17.4	53021	395	52	0
2	17.4	33506	395	52	0
1	17.45	53088	396	52	0
2	17.45	33592	396	52	0
1	17.5	53155	397	54	0
2	17.5	33678	397	54	0
1	17.55	53222	398	54	0
2	17.55	33764	398	54	0
1	17.6	53289	399	53	0
2	17.6	33850	399	53	0
1	17.65	53428	401	53	0
2	17.65	33936	400	53	0
1	17.7	53428	401	53	0
2	17.7	34108	402	53	0
1	17.75	53562	403	53	0
2	17.75	34108	402	53	0
1	17.8	53629	404	53	0
2	17.8	34280	404	53	0
1	17.85	53696	405	53	0
2	17.85	34366	405	53	0
1	17.9	53763	406	51	0
2	17.9	34452	406	51	0
1	17.95	53830	407	51	0
2	17.95	34538	407	51	0
1	18	53964	409	54	0
2	18	34624	408	54	0
1	18.05	54031	410	54	0
2	18.05	34710	409	54	0
1	18.1	54098	411	51	0
2	18.1	34882	411	51	0
1	18.15	54170	412	51	0
2	18.15	34968	412	51	0
1	18.2	54237	413	54	0
2	18.2	35054	413	54	0
1	18.25	54304	414	54	0
2	18.25	35140	414	54	0
1	18.3	54438	416	51	0
2	18.3	35226	415	51	0
1	18.35	54438	416	51	0
2	18.35	35398	417	51	0
1	18.4	54572	418	50	0
2	18.4	35398	417	51	0
1	18.45	54639	419	50	0
2	18.45	35570	419	50	0
1	18.5	54706	420	50	0
2	18.5	35656	420	50	0
1	18.55	54840	422	50	0
2	18.55	35742	421	50	0
1	18.6	54840	422	50	0
2	18.6	35914	423	51	0
1	18.65	54979	424	51	0
2	18.65	35914	423	51	0
1	18.7	55046	425	53	0
2	18.7	36086	425	53	0
1	18.75	55113	426	53	0
2	18.75	36172	426	53	0
1	18.8	55180	427	54	0
2	18.8	36258	427	54	0
1	18.85	55247	428	54	0
2	18.85	36344	428	54	0
1	18.9	55314	429	53	0
2	18.9	36430	429	53	0
1	18.95	55448	431	53	0
2	18.95	36516	430	53	0
1	19	55515	432	53	0
2	19	36688	432	53	0
1	19.05	55582	433	53	0
2	19.05	36774	433	53	0
1	19.1	55654	434	50	0
2	19.1	36860	434	50	0
1	19.15	55721	435	50	0
2	19.15	36946	435	50	0
1	19.2	55855	437	50	0
2	19.2	37032	436	50	0
1	19.25	55855	437	50	0
2	19.25	37204	438	50	0
1	19.3	55989	439	52	0
2	19.3	37204	438	50	0
1	19.35	56056	440	52	0
2	19.35	37376	440	52	0
1	19.4	56123	441	50	0
2	19.4	37462	441	50	0
1	19.45	56257	443	50	0
2	19.45	37548	442	50	0
1	19.5	56257	443	50	0
2	19.5	37720	444	50	0
1	19.55	56396	445	50	0
2	19.55	37720	444	50	0
1	19.6	56463	446	53	0
2	19.6	37892	446	53	0
1	19.65	56530	447	53	0
2	19.65	37978	447	53	0
1	19.7	56597	448	51	0
2	19.7	38064	448	51	0
1	19.75	56664	449	51	0
2	19.75	38150	449	51	0
1	19.8	56798	451	51	0
2	19.8	38236	450	51	0
1	19.85	56865	452	51	0
2	19.85	38408	452	51	0
1	19.9	56932	453	54	0
2	19.9	38494	453	54	0
1	19.95	56999	454	54	0
2	19.95	38580	454	54	0
1	20	57066	455	53	0
2	20	38666	455	53	0
1	20.05	57138	456	53	0
2	20.05	38752	456	53	0
1	20.1	57272	458	52	0
2	20.1	38838	457	52	0
1	20.15	57272	458	52	0
2	20.15	39010	459	52	0
1	20.2	57406	460	54	0
2	20.2	39010	459	52	0
1	20.25	57473	461	54	0
2	20.25	39182	461	54	0
1	20.3	57540	462	54	0
2	20.3	39268	462	54	0
1	20.35	57607	463	54	0
2	20.35	39354	463	54	0
1	20.4	57674	464	54	0
2	20.4	39440	464	54	0
1	20.45	57741	465	54	0
2	20.45	39526	465	54	0
1	20.5	57880	467	54	0
2	20.5	39612	466	54	0
1	20.55	57880	467	54	0
2	20.55	39784	468	54	0
1	20.6	58014	469	54	0
2	20.6	39784	468	54	0
1	20.65	58081	470	54	0
2	20.65	39956	470	54	0
1	20.7	58148	471	54	0
2	20.7	40042	471	54	0
1	20.75	58215	472	54	0
2	20.75	40128	472	54	0
1	20.8	58282	473	53	0
2	20.8	40214	473	53	0
1	20.85	58416	475	53	0
2	20.85	40300	474	53	0
1	20.9	58483	476	53	0
2	20.9	40386	475	53	0
1	20.95	58483	476	53	0
2	20.95	40558	477	53	0
1	21	58622	478	52	0
2	21	40558	477	53	0
1	21.05	58689	479	52	0
2	21.05	40730	479	52	0
1	21.1	58756	480	51	0
2	21.1	40816	480	51	0
1	21.15	58890	482	51	0
2	21.15	40902	481	51	0
1	21.2	58890	482	51	0
2	21.2	40988	482	53	0
1	21.25	59024	484	53	0
2	21.25	41074	483	53	0
1	21.3	59091	485	51	0
2	21.3	41246	485	51	0
1	21.35	59158	486	51	0
2	21.35	41332	486	51	0
1	21.4	59225	487	52	0
2	21.4	41418	487	52	0
1	21.45	59292	488	52	0
2	21.45	41504	488	52	0
1	21.5	59431	490	54	0
2	21.5	41590	489	54	0
1	21.55	59498	491	54	0
2	21.55	41676	490	54	0
1	21.6	59498	491	54	0
2	21.6	41848	492	54	0
1	21.65	59632	493	54	0
2	21.65	41848	492	54	0
1	21.7	59699	494	50	0
2	21.7	42020	494	50	0
1	21.75	59766	495	50	0
2	21.75	42106	495	50	0
1	21.8	59900	497	51	0
2	21.8	42192	496	51	0
1	21.85	59900	497	51	0
2	21.85	42364	498	51	0
1	21.9	60034	499	53	0
2	21.9	42364	498	51	0
1	21.95	60106	500	53	0
2	21.95	42536	500	53	0
1	22	60173	501	54	0
2	22	42622	501	54	0
1	22.05	60240	502	54	0
2	22.05	42708	502	54	0
1	22.1	60307	503	50	0
2	22.1	42794	503	50	0
1	22.15	60441	505	50	0
2	22.15	42880	504	50	0
1	22.2	60508	506	53	0
2	22.2	43052	506	53	0
1	22.25	60575	507	53	0
2	22.25	43138	507	53	0
1	22.3	60642	508	50	0
2	22.3	43224	508	50	0
1	22.35	60709	509	50	0
2	22.35	43310	509	50	0
1	22.4	60774	510	54	0
2	22.4	43396	510	54	0
1	22.45	60846	511	54	0
2	22.45	43482	511	54	0
1	22.5	60846	511	54	0
2	22.5	43568	512	51	0
1	22.55	60913	512	51	0
2	22.55	43568	512	51	0
1	22.6	60980	513	50	0
2	22.6	43654	513	50	0
1	22.65	61047	514	50	0
2	22.65	43740	514	50	0
1	22.7	61114	515	52	0
2	22.7	43826	515	52	0
1	22.75	61114	515	52	0
2	22.75	43912	516	52	0
1	22.8	61181	516	53	0
2	22.8	43912	516	52	0
1	22.85	61248	517	53	0
2	22.85	43998	517	53	0
1	22.9	61315	518	53	0
2	22.9	44084	518	53	0
1	22.95	61315	518	53	0
2	22.95	44170	519	53	0
1	23	61382	519	53	0
2	23	44170	519	53	0
1	23.05	61449	520	53	0
2	23.05	44256	520	53	0
1	23.1	61516	521	52	0
2	23.1	44342	521	52	0
1	23.15	61516	521	52	0
2	23.15	44428	522	52	0
1	23.2	61588	522	54	0
2	23.2	44428	522	52	0
1	23.25	61655	523	54	0
2	23.25	44514	523	54	0
1	23.3	61722	524	52	0
2	23.3	44600	524	52	0
1	23.35	61789	525	52	0
2	23.35	44686	525	52	0
1	23.4	61789	525	52	0
2	23.4	44772	526	50	0
1	23.45	61856	526	50	0
2	23.45	44772	526	50	0
1	23.5	61923	527	50	0
2	23.5	44858	527	50	0
1	23.55	61990	528	50	0
2	23.55	44944	528	50	0
1	23.6	61990	528	50	0
2	23.6	45030	529	53	0
1	23.65	62057	529	53	0
2	23.65	45030	529	53	0
1	23.7	62124	530	50	0
2	23.7	45116	530	50	0
1	23.75	62191	531	50	0
2	23.75	45202	531	50	0
1	23.8	62258	532	52	0
2	23.8	45288	532	52	0
1	23.85	62258	532	52	0
2	23.85	45374	533	52	0
1	23.9	62330	533	51	0
2	23.9	45374	533	52	0
1	23.95	62397	534	51	0
2	23.95	45460	534	51	0
1	24	62464	535	50	0
2	24	45546	535	50	0
1	24.05	62464	535	50	0
2	24.05	45632	536	50	0
1	24.1	62531	536	52	0
2	24.1	45632	536	50	0
1	24.15	62598	537	52	0
2	24.15	45718	537	52	0
1	24.2	62665	538	51	0
2	24.2	45804	538	51	0
1	24.25	62732	539	51	0
2	24.25	45890	539	51	0
1	24.3	62732	539	51	0
2	24.3	45976	540	53	0
1	24.35	62799	540	53	0
2	24.35	45976	540	53	0
1	24.4	62866	541	52	0
2	24.4	46062	541	52	0
1	24.45	62933	542	52	0
2	24.45	46148	542	52	0
1	24.5	63000	543	51	0
2	24.5	46234	543	51	0
1	24.55	63000	543	51	0
2	24.55	46320	544	51	0
1	24.6	63072	544	54	0
2	24.6	46320	544	51	0
1	24.65	63139	545	54	0
2	24.65	46406	545	54	0
1	24.7	63139	545	54	0
2	24.7	46492	546	52	0
1	24.75	63206	546	52	0
2	24.75	46492	546	52	0
1	24.8	63273	547	51	0
2	24.8	46578	547	51	0
1	24.85	63340	548	51	0
2	24.85	46664	548	51	0
1	24.9	63407	549	51	0
2	24.9	46750	549	51	0
1	24.95	63407	549	51	0
2	24.95	46836	550	51	0
1	25	63474	550	54	0
2	25	46836	550	51	0
1	25.05	63541	551	54	0
2	25.05	46922	551	54	0
1	25.1	63608	552	50	0
2	25.1	47008	552	50	0
1	25.15	63675	553	50	0
2	25.15	47094	553	50	0
1	25.2	63675	553	50	0
2	25.2	47180	554	50	0
1	25.25	63742	554	50	0
2	25.25	47180	554	50	0
1	25.3	63814	555	52	0
2	25.3	47266	555	52	0
1	25.35	63881	556	52	0
2	25.35	47352	556	52	0
1	25.4	63948	557	54	0
2	25.4	47438	557	54	0
1	25.45	63948	557	54	0
2	25.45	47524	558	54	0
1	25.5	64015	558	53	0
2	25.5	47524	558	54	0
1	25.55	64082	559	53	0
2	25.55	47610	559	53	0
1	25.6	64082	559	53	0
2	25.6	47696	560	52	0
1	25.65	64149	560	52	0
2	25.65	47696	560	52	0
1	25.7	64216	561	51	0
2	25.7	47782	561	51	0
1	25.75	64283	562	51	0
2	25.75	47868	562	51	0
1	25.8	64350	563	53	0
2	25.8	47954	563	53	0
1	25.85	64350	563	53	0
2	25.85	48040	564	53	0
1	25.9	64417	564	53	0
2	25.9	48040	564	53	0
1	25.95	64484	565	53	0
2	25.95	48126	565	53	0
1	26	64556	566	52	0
2	26	48212	566	52	0
1	26.05	64623	567	52	0
2	26.05	48298	567	52	0
1	26.1	64623	567	52	0
2	26.1	48384	568	51	0
1	26.15	64690	568	51	0
2	26.15	48384	568	51	0
1	26.2	64757	569	51	0
2	26.2	48470	569	51	0
1	26.25	64824	570	51	0
2	26.25	48556	570	51	0
1	26.3	64891	571	51	0
2	26.3	48556	570	51	0
1	26.35	64891	571	51	0
2	26.35	48728	572	51	0
1	26.4	64958	572	54	0
2	26.4	48728	572	51	0
1	26.45	65025	573	54	0
2	26.45	48814	573	54	0
1	26.5	65025	573	54	0
2	26.5	48900	574	54	0
1	26.55	65092	574	54	0
2	26.55	48900	574	54	0
1	26.6	65159	575	54	0
2	26.6	48986	575	54	0
1	26.65	65226	576	54	0
2	26.65	49072	576	54	0
1	26.7	65298	577	54	0
2	26.7	49072	576	54	0
1	26.75	65298	577	54	0
2	26.75	49244	578	54	0
1	26.8	65365	578	54	0
2	26.8	49244	578	54	0
1	26.85	65432	579	54	0
2	26.85	49330	579	54	0
1	26.9	65432	579	54	0
2	26.9	49416	580	54	0
1	26.95	65499	580	54	0
2	26.95	49416	580	54	0
1	27	65566	581	53	0
2	27	49502	581	53	0
1	27.05	65633	582	53	0
2	27.05	49588	582	53	0
1	27.1	65700	583	51	0
2	27.1	49674	583	51	0
1	27.15	65700	583	51	0
2	27.15	49760	584	51	0
1	27.2	65767	584	54	0
2	27.2	49760	584	51	0
1	27.25	65834	585	54	0
2	27.25	49846	585	54	0
1	27.3	65834	585	54	0
2	27.3	49932	586	51	0
1	27.35	65968	587	51	0
2	27.35	49932	586	51	0
1	27.4	65968	587	51	0
2	27.4	50104	588	50	0
1	27.45	66040	588	50	0
2	27.45	50104	588	50	0
1	27.5	66107	589	51	0
2	27.5	50190	589	51	0
1	27.55	66107	589	51	0
2	27.55	50276	590	51	0
1	27.6	66174	590	52	0
2	27.6	50276	590	51	0
1	27.65	66241	591	52	0
2	27.65	50362	591	52	0
1	27.7	66308	592	50	0
2	27.7	50448	592	50	0
1	27.75	66375	593	50	0
2	27.75	50534	593	50	0
1	27.8	66375	593	50	0
2	27.8	50620	594	51	0
1	27.85	66442	594	51	0
2	27.85	50620	594	51	0
1	27.9	66509	595	54	0
2	27.9	50706	595	54	0
1	27.95	66576	596	54	0
2	27.95	50792	596	54	0
1	28	66643	597	54	0
2	28	50878	597	54	0
1	28.05	66643	597	54	0
2	28.05	50964	598	54	0
1	28.1	66710	598	51	0
2	28.1	50964	598	54	0
1	28.15	66782	599	51	0
2	28.15	51050	599	51	0
1	28.2	66782	599	51	0
2	28.2	51136	600	54	0
1	28.25	66849	600	54	0
2	28.25	51136	600	54	0
1	28.3	66916	601	54	0
2	28.3	51222	601	50	0
1	28.35	66983	602	50	0
2	28.35	51308	602	50	0
1	28.4	67050	603	53	0
2	28.4	51394	603	53	0
1	28.45	67050	603	53	0
2	28.45	51480	604	53	0
1	28.5	67117	604	50	0
2	28.5	51480	604	53	0
1	28.55	67184	605	50	0
2	28.55	51566	605	50	0
1	28.6	67251	606	50	0
2	28.6	51652	606	50	0
1	28.65	67318	607	50	0
2	28.65	51738	607	50	0
1	28.7	67318	607	50	0
2	28.7	51824	608	54	0
1	28.75	67385	608	54	0
2	28.75	51824	608	54	0
1	28.8	67452	609	52	0
2	28.8	51910	609	52	0
1	28.85	67524	610	52	0
2	28.85	51996	610	52	0
1	28.9	67591	611	54	0
2	28.9	52082	611	54	0
1	28.95	67591	611	54	0
2	28.95	52082	611	54	0
1	29	67658	612	51	0
2	29	52168	612	54	0
1	29.05	67725	613	51	0
2	29.05	52254	613	51	0
1	29.1	67792	614	50	0
2	29.1	52340	614	50	0
1	29.15	67792	614	50	0
2	29.15	52426	615	50	0
1	29.2	67859	615	52	0
2	29.2	52426	615	50	0
1	29.25	67926	616	52	0
2	29.25	52512	616	52	0
1	29.3	67993	617	51	0
2	29.3	52598	617	51	0
1	29.35	67993	617	51	0
2	29.35	52684	618	51	0
1	29.4	68060	618	51	0
2	29.4	52684	618	51	0
1	29.45	68127	619	51	0
2	29.45	52770	619	51	0
1	29.5	68194	620	54	0
2	29.5	52856	620	54	0
1	29.55	68266	621	54	0
2	29.55	52942	621	54	0
1	29.6	68266	621	54	0
2	29.6	53028	622	50	0
1	29.65	68333	622	50	0
2	29.65	53028	622	50	0
1	29.7	68400	623	52	0
2	29.7	53114	623	52	0
1	29.75	68467	624	52	0
2	29.75	53200	624	52	0
1	29.8	68467	624	52	0
2	29.8	53286	625	54	0
1	29.85	68534	625	54	0
2	29.85	53286	625	54	0
1	29.9	68601	626	53	0
2	29.9	53372	626	53	0
1	29.95	68668	627	53	0
2	29.95	53458	627	53	0
