1	1.05	0	0	0	-nan
1	1.1	1260	1	55	-nan
1	1.15	1260	1	55	-nan
1	1.2	9838	7	55	0
1	1.25	9838	7	55	0
3	1.25	0	0	0	-nan
1	1.3	18989	14	67	0
3	1.3	51	1	54	-nan
1	1.35	25172	20	53	0
3	1.35	51	1	54	-nan
1	1.4	25227	21	53	0
3	1.4	51	1	54	-nan
1	1.45	25400	24	53	0
3	1.45	4711	6	54	0
1	1.5	25460	25	53	0
3	1.5	4711	6	54	0
1	1.55	25642	28	53	0
3	1.55	4711	6	54	0
1	1.6	27226	30	53	0
3	1.6	4711	6	54	0
1	1.65	27288	31	53	0
3	1.65	4711	6	54	0
1	1.7	28874	33	55	0
3	1.7	4711	6	54	0
1	1.75	28938	34	53	0
3	1.75	4711	6	54	0
1	1.8	29064	36	53	0
3	1.8	4711	6	54	0
1	1.85	29064	36	53	0
3	1.85	4711	6	54	0
1	1.9	29128	37	53	0
3	1.9	4711	6	54	0
1	1.95	29261	39	53	0
3	1.95	4711	6	54	0
1	2	29325	40	53	0
3	2	4711	6	54	0
1	2.05	29386	41	53	0
3	2.05	4711	6	54	0
1	2.1	29386	41	53	0
3	2.1	4711	6	54	0
1	2.15	29450	42	53	0
3	2.15	4711	6	54	0
1	2.2	29514	43	53	0
3	2.2	4711	6	54	0
1	2.25	29578	44	53	0
3	2.25	4711	6	54	0
1	2.3	29642	45	53	0
3	2.3	4711	6	54	0
1	2.35	29642	45	53	0
3	2.35	4711	6	54	0
1	2.4	29706	46	53	0
3	2.4	4711	6	54	0
1	2.45	29770	47	53	0
3	2.45	4711	6	54	0
1	2.5	29770	47	53	0
3	2.5	4711	6	54	0
1	2.55	29834	48	53	0
3	2.55	4711	6	54	0
1	2.6	29903	49	53	0
3	2.6	4711	6	54	0
1	2.65	29967	50	53	0
3	2.65	4711	6	54	0
1	2.7	30031	51	53	0
3	2.7	4711	6	54	0
1	2.75	30031	51	53	0
3	2.75	4711	6	54	0
1	2.8	30095	52	53	0
3	2.8	4711	6	54	0
1	2.85	30159	53	53	0
3	2.85	4711	6	54	0
1	2.9	30159	53	53	0
3	2.9	4711	6	54	0
1	2.95	30223	54	53	0
3	2.95	4711	6	54	0
1	3	30287	55	53	0
3	3	4711	6	54	0
1	3.05	30351	56	53	0
3	3.05	4711	6	54	0
1	3.1	30415	57	51	0
3	3.1	4711	6	54	0
1	3.15	30415	57	51	0
3	3.15	4711	6	54	0
1	3.2	30479	58	51	0
3	3.2	4711	6	54	0
1	3.25	30545	59	51	0
3	3.25	4711	6	54	0
1	3.3	30616	60	51	0
3	3.3	4711	6	54	0
1	3.35	30682	61	51	0
3	3.35	4711	6	54	0
1	3.4	30682	61	51	0
3	3.4	4711	6	54	0
1	3.45	30748	62	51	0
3	3.45	4711	6	54	0
1	3.5	30814	63	51	0
3	3.5	4711	6	54	0
1	3.55	30880	64	51	0
3	3.55	4711	6	54	0
1	3.6	30946	65	51	0
3	3.6	4711	6	54	0
1	3.65	30946	65	51	0
3	3.65	4711	6	54	0
1	3.7	31012	66	51	0
3	3.7	4711	6	54	0
1	3.75	31078	67	51	0
3	3.75	4711	6	54	0
1	3.8	31144	68	51	0
3	3.8	4711	6	54	0
1	3.85	31210	69	51	0
3	3.85	4711	6	54	0
1	3.9	31210	69	51	0
3	3.9	4711	6	54	0
1	3.95	31276	70	51	0
3	3.95	4711	6	54	0
1	4	31347	71	51	0
3	4	4711	6	54	0
1	4.05	31347	71	51	0
3	4.05	4711	6	54	0
1	4.1	31413	72	51	0
3	4.1	4711	6	54	0
1	4.15	31479	73	51	0
3	4.15	4711	6	54	0
1	4.2	31545	74	51	0
3	4.2	4711	6	54	0
1	4.25	31611	75	51	0
3	4.25	4711	6	54	0
1	4.3	31611	75	51	0
3	4.3	4711	6	54	0
1	4.35	31677	76	51	0
3	4.35	4711	6	54	0
1	4.4	31743	77	51	0
3	4.4	4711	6	54	0
1	4.45	31809	78	51	0
3	4.45	4711	6	54	0
1	4.5	31875	79	51	0
3	4.5	4711	6	54	0
1	4.55	31875	79	51	0
3	4.55	4711	6	54	0
1	4.6	31941	80	51	0
3	4.6	4711	6	54	0
1	4.65	32007	81	51	0
3	4.65	4711	6	54	0
1	4.7	32078	82	51	0
3	4.7	4711	6	54	0
1	4.75	32144	83	51	0
3	4.75	4711	6	54	0
1	4.8	32144	83	51	0
3	4.8	4711	6	54	0
1	4.85	32210	84	51	0
3	4.85	4711	6	54	0
1	4.9	32276	85	51	0
3	4.9	4711	6	54	0
1	4.95	32342	86	51	0
3	4.95	4711	6	54	0
1	5	32408	87	51	0
3	5	4711	6	54	0
1	5.05	32408	87	51	0
3	5.05	4711	6	54	0
1	5.1	32474	88	52	0
3	5.1	4711	6	54	0
1	5.15	32540	89	52	0
3	5.15	4711	6	54	0
1	5.2	32540	89	52	0
3	5.2	4711	6	54	0
1	5.25	32606	90	52	0
3	5.25	4711	6	54	0
1	5.3	32672	91	52	0
3	5.3	4711	6	54	0
1	5.35	32738	92	52	0
3	5.35	4711	6	54	0
1	5.4	32809	93	52	0
3	5.4	4711	6	54	0
1	5.45	32809	93	52	0
3	5.45	4711	6	54	0
1	5.5	32875	94	52	0
3	5.5	4711	6	54	0
1	5.55	32941	95	52	0
3	5.55	4711	6	54	0
1	5.6	33007	96	52	0
3	5.6	4711	6	54	0
1	5.65	33073	97	52	0
3	5.65	4711	6	54	0
1	5.7	33073	97	52	0
3	5.7	4711	6	54	0
1	5.75	33139	98	52	0
3	5.75	4711	6	54	0
1	5.8	33205	99	52	0
3	5.8	4711	6	54	0
1	5.85	33271	100	52	0
3	5.85	4711	6	54	0
1	5.9	33337	101	52	0
3	5.9	4711	6	54	0
1	5.95	33337	101	52	0
3	5.95	4711	6	54	0
1	6	33403	102	52	0
3	6	4711	6	54	0
1	6.05	33469	103	52	0
3	6.05	4711	6	54	0
1	6.1	33469	103	52	0
3	6.1	4711	6	54	0
1	6.15	33540	104	52	0
3	6.15	4711	6	54	0
1	6.2	33606	105	52	0
3	6.2	4711	6	54	0
1	6.25	33672	106	52	0
3	6.25	4711	6	54	0
1	6.3	33738	107	52	0
3	6.3	4711	6	54	0
1	6.35	33738	107	52	0
3	6.35	4711	6	54	0
1	6.4	33804	108	52	0
3	6.4	4711	6	54	0
1	6.45	33870	109	52	0
3	6.45	4711	6	54	0
1	6.5	33936	110	52	0
3	6.5	4711	6	54	0
1	6.55	34002	111	52	0
3	6.55	4711	6	54	0
1	6.6	34002	111	52	0
3	6.6	4711	6	54	0
1	6.65	34068	112	52	0
3	6.65	4711	6	54	0
1	6.7	34134	113	52	0
3	6.7	4711	6	54	0
1	6.75	34134	113	52	0
3	6.75	4711	6	54	0
1	6.8	34200	114	52	0
3	6.8	4711	6	54	0
1	6.85	34271	115	52	0
3	6.85	4711	6	54	0
1	6.9	34337	116	52	0
3	6.9	4711	6	54	0
1	6.95	34403	117	52	0
3	6.95	4711	6	54	0
1	7	34403	117	52	0
3	7	4711	6	54	0
1	7.05	34469	118	52	0
3	7.05	4711	6	54	0
1	7.1	34535	119	54	0
3	7.1	4711	6	54	0
1	7.15	34601	120	54	0
3	7.15	4711	6	54	0
1	7.2	34667	121	54	0
3	7.2	4711	6	54	0
1	7.25	34667	121	54	0
3	7.25	4711	6	54	0
1	7.3	34733	122	54	0
3	7.3	4711	6	54	0
1	7.35	34799	123	54	0
3	7.35	4711	6	54	0
1	7.4	34799	123	54	0
3	7.4	4711	6	54	0
1	7.45	34865	124	54	0
3	7.45	4711	6	54	0
1	7.5	34931	125	54	0
3	7.5	4711	6	54	0
1	7.55	35002	126	54	0
3	7.55	4711	6	54	0
1	7.6	35068	127	54	0
3	7.6	4711	6	54	0
1	7.65	35068	127	54	0
3	7.65	4711	6	54	0
1	7.7	35134	128	54	0
3	7.7	4711	6	54	0
1	7.75	35200	129	54	0
3	7.75	4711	6	54	0
1	7.8	35200	129	54	0
3	7.8	4711	6	54	0
1	7.85	35266	130	54	0
3	7.85	4711	6	54	0
1	7.9	35332	131	54	0
3	7.9	4711	6	54	0
1	7.95	35398	132	54	0
3	7.95	4711	6	54	0
1	8	35464	133	54	0
3	8	4711	6	54	0
1	8.05	35464	133	54	0
3	8.05	4711	6	54	0
1	8.1	35530	134	54	0
3	8.1	4711	6	54	0
1	8.15	35596	135	54	0
3	8.15	4711	6	54	0
1	8.2	35596	135	54	0
3	8.2	4711	6	54	0
1	8.25	35662	136	54	0
3	8.25	4711	6	54	0
1	8.3	35733	137	54	0
3	8.3	4711	6	54	0
1	8.35	35799	138	54	0
3	8.35	4711	6	54	0
1	8.4	35865	139	54	0
3	8.4	4711	6	54	0
1	8.45	35865	139	54	0
3	8.45	4711	6	54	0
1	8.5	35931	140	54	0
3	8.5	4711	6	54	0
1	8.55	35997	141	54	0
3	8.55	4711	6	54	0
1	8.6	35997	141	54	0
3	8.6	4711	6	54	0
1	8.65	36063	142	54	0
3	8.65	4711	6	54	0
1	8.7	36129	143	54	0
3	8.7	4711	6	54	0
1	8.75	36195	144	54	0
3	8.75	4711	6	54	0
1	8.8	36261	145	54	0
3	8.8	4711	6	54	0
1	8.85	36261	145	54	0
3	8.85	4711	6	54	0
1	8.9	36327	146	54	0
3	8.9	4711	6	54	0
1	8.95	36393	147	54	0
3	8.95	4711	6	54	0
1	9	36393	147	54	0
3	9	4711	6	54	0
1	9.05	36464	148	54	0
3	9.05	4711	6	54	0
1	9.1	36530	149	51	0
3	9.1	4711	6	54	0
1	9.15	36596	150	51	0
3	9.15	4711	6	54	0
1	9.2	36662	151	51	0
3	9.2	4711	6	54	0
1	9.25	36662	151	51	0
3	9.25	4711	6	54	0
1	9.3	36728	152	51	0
3	9.3	4711	6	54	0
1	9.35	36794	153	51	0
3	9.35	4711	6	54	0
1	9.4	36860	154	51	0
3	9.4	4711	6	54	0
1	9.45	36926	155	51	0
3	9.45	4711	6	54	0
1	9.5	36926	155	51	0
3	9.5	4711	6	54	0
1	9.55	36992	156	51	0
3	9.55	4711	6	54	0
1	9.6	37058	157	51	0
3	9.6	4711	6	54	0
1	9.65	37124	158	51	0
3	9.65	4711	6	54	0
1	9.7	37195	159	51	0
3	9.7	4711	6	54	0
1	9.75	37195	159	51	0
3	9.75	4711	6	54	0
1	9.8	37261	160	51	0
3	9.8	4711	6	54	0
1	9.85	37327	161	51	0
3	9.85	4711	6	54	0
1	9.9	37393	162	51	0
3	9.9	4711	6	54	0
1	9.95	37459	163	51	0
3	9.95	4711	6	54	0
1	10	37459	163	51	0
3	10	4711	6	54	0
1	10.05	37525	164	51	0
3	10.05	4711	6	54	0
1	10.1	37591	165	51	0
3	10.1	4711	6	54	0
1	10.15	37591	165	51	0
3	10.15	4711	6	54	0
1	10.2	37657	166	51	0
3	10.2	4711	6	54	0
1	10.25	37723	167	51	0
3	10.25	4711	6	54	0
1	10.3	37789	168	51	0
3	10.3	4711	6	54	0
1	10.35	37855	169	51	0
3	10.35	4711	6	54	0
1	10.4	37855	169	51	0
3	10.4	4711	6	54	0
1	10.45	37926	170	51	0
3	10.45	4711	6	54	0
1	10.5	37992	171	51	0
3	10.5	4711	6	54	0
1	10.55	38058	172	51	0
3	10.55	4711	6	54	0
1	10.6	38124	173	51	0
3	10.6	4711	6	54	0
1	10.65	38124	173	51	0
3	10.65	4711	6	54	0
1	10.7	38190	174	51	0
3	10.7	4711	6	54	0
1	10.75	38256	175	51	0
3	10.75	4711	6	54	0
1	10.8	38322	176	51	0
3	10.8	4711	6	54	0
1	10.85	38388	177	51	0
3	10.85	4711	6	54	0
1	10.9	38388	177	51	0
3	10.9	4711	6	54	0
1	10.95	38454	178	51	0
3	10.95	4711	6	54	0
1	11	38520	179	51	0
3	11	4711	6	54	0
1	11.05	38586	180	51	0
3	11.05	4711	6	54	0
1	11.1	38657	181	53	0
3	11.1	4711	6	54	0
1	11.15	38657	181	53	0
3	11.15	4711	6	54	0
1	11.2	38723	182	53	0
3	11.2	4711	6	54	0
1	11.25	38789	183	53	0
3	11.25	4711	6	54	0
1	11.3	38789	183	53	0
3	11.3	4711	6	54	0
1	11.35	38855	184	53	0
3	11.35	4711	6	54	0
1	11.4	38921	185	53	0
3	11.4	4711	6	54	0
1	11.45	38987	186	53	0
3	11.45	4711	6	54	0
1	11.5	39053	187	53	0
3	11.5	4711	6	54	0
1	11.55	39053	187	53	0
3	11.55	4711	6	54	0
1	11.6	39119	188	53	0
3	11.6	4711	6	54	0
1	11.65	39185	189	53	0
3	11.65	4711	6	54	0
1	11.7	39185	189	53	0
3	11.7	4711	6	54	0
1	11.75	39251	190	53	0
3	11.75	4711	6	54	0
1	11.8	39317	191	53	0
3	11.8	4711	6	54	0
1	11.85	39388	192	53	0
3	11.85	4711	6	54	0
1	11.9	39454	193	53	0
3	11.9	4711	6	54	0
1	11.95	39454	193	53	0
3	11.95	4711	6	54	0
1	12	39520	194	53	0
3	12	4711	6	54	0
1	12.05	39586	195	53	0
3	12.05	4711	6	54	0
1	12.1	39652	196	53	0
3	12.1	4711	6	54	0
1	12.15	39718	197	53	0
3	12.15	4711	6	54	0
1	12.2	39718	197	53	0
3	12.2	4711	6	54	0
1	12.25	39784	198	53	0
3	12.25	4711	6	54	0
1	12.3	39850	199	53	0
3	12.3	4711	6	54	0
1	12.35	39850	199	53	0
3	12.35	4711	6	54	0
1	12.4	39916	200	53	0
3	12.4	4711	6	54	0
1	12.45	39982	201	53	0
3	12.45	4711	6	54	0
1	12.5	40048	202	53	0
3	12.5	4711	6	54	0
1	12.55	40119	203	53	0
3	12.55	4711	6	54	0
1	12.6	40119	203	53	0
3	12.6	4711	6	54	0
1	12.65	40185	204	53	0
3	12.65	4711	6	54	0
1	12.7	40251	205	53	0
3	12.7	4711	6	54	0
1	12.75	40251	205	53	0
3	12.75	4711	6	54	0
1	12.8	40317	206	53	0
3	12.8	4711	6	54	0
1	12.85	40383	207	53	0
3	12.85	4711	6	54	0
1	12.9	40449	208	53	0
3	12.9	4711	6	54	0
1	12.95	40515	209	53	0
3	12.95	4711	6	54	0
1	13	40515	209	53	0
3	13	4711	6	54	0
1	13.05	40581	210	53	0
3	13.05	4711	6	54	0
1	13.1	40647	211	51	0
3	13.1	4711	6	54	0
1	13.15	40713	212	51	0
3	13.15	4711	6	54	0
1	13.2	40779	213	51	0
3	13.2	4711	6	54	0
1	13.25	40779	213	51	0
3	13.25	4711	6	54	0
1	13.3	40850	214	51	0
3	13.3	4711	6	54	0
1	13.35	40916	215	51	0
3	13.35	4711	6	54	0
1	13.4	40982	216	51	0
3	13.4	4711	6	54	0
1	13.45	41048	217	51	0
3	13.45	4711	6	54	0
1	13.5	41048	217	51	0
3	13.5	4711	6	54	0
1	13.55	41114	218	51	0
3	13.55	4711	6	54	0
1	13.6	41180	219	51	0
3	13.6	4711	6	54	0
1	13.65	41246	220	51	0
3	13.65	4711	6	54	0
1	13.7	41312	221	51	0
3	13.7	4711	6	54	0
1	13.75	41312	221	51	0
3	13.75	4711	6	54	0
1	13.8	41378	222	51	0
3	13.8	4711	6	54	0
1	13.85	41444	223	51	0
3	13.85	4711	6	54	0
1	13.9	41444	223	51	0
3	13.9	4711	6	54	0
1	13.95	41510	224	51	0
3	13.95	4711	6	54	0
1	14	41581	225	51	0
3	14	4711	6	54	0
1	14.05	41647	226	51	0
3	14.05	4711	6	54	0
1	14.1	41713	227	51	0
3	14.1	4711	6	54	0
1	14.15	41713	227	51	0
3	14.15	4711	6	54	0
1	14.2	41779	228	51	0
3	14.2	4711	6	54	0
1	14.25	41845	229	51	0
3	14.25	4711	6	54	0
1	14.3	41911	230	51	0
3	14.3	4711	6	54	0
1	14.35	41977	231	51	0
3	14.35	4711	6	54	0
1	14.4	41977	231	51	0
3	14.4	4711	6	54	0
1	14.45	42043	232	51	0
3	14.45	4711	6	54	0
1	14.5	42109	233	51	0
3	14.5	4711	6	54	0
1	14.55	42175	234	51	0
3	14.55	4711	6	54	0
1	14.6	42241	235	51	0
3	14.6	4711	6	54	0
1	14.65	42241	235	51	0
3	14.65	4711	6	54	0
1	14.7	42312	236	51	0
3	14.7	4711	6	54	0
1	14.75	42378	237	51	0
3	14.75	4711	6	54	0
1	14.8	42444	238	51	0
3	14.8	4711	6	54	0
1	14.85	42510	239	51	0
3	14.85	4711	6	54	0
1	14.9	42510	239	51	0
3	14.9	4711	6	54	0
1	14.95	42576	240	51	0
3	14.95	4711	6	54	0
1	15	42642	241	51	0
3	15	4711	6	54	0
1	15.05	42708	242	51	0
3	15.05	4711	6	54	0
1	15.1	42774	243	51	0
3	15.1	4711	6	54	0
1	15.15	42774	243	51	0
3	15.15	4711	6	54	0
1	15.2	42840	244	51	0
3	15.2	4711	6	54	0
1	15.25	42906	245	51	0
3	15.25	4711	6	54	0
1	15.3	42906	245	51	0
3	15.3	4711	6	54	0
1	15.35	42972	246	51	0
3	15.35	4711	6	54	0
1	15.4	43043	247	51	0
3	15.4	4711	6	54	0
1	15.45	43109	248	51	0
3	15.45	4711	6	54	0
1	15.5	43175	249	51	0
3	15.5	4711	6	54	0
1	15.55	43175	249	51	0
3	15.55	4711	6	54	0
1	15.6	43241	250	51	0
3	15.6	4711	6	54	0
1	15.65	43307	251	51	0
3	15.65	4711	6	54	0
1	15.7	43373	252	51	0
3	15.7	4711	6	54	0
1	15.75	43439	253	51	0
3	15.75	4711	6	54	0
1	15.8	43439	253	51	0
3	15.8	4711	6	54	0
1	15.85	43505	254	51	0
3	15.85	4711	6	54	0
1	15.9	43571	255	51	0
3	15.9	4711	6	54	0
1	15.95	43638	256	51	0
3	15.95	4711	6	54	0
1	16	43705	257	51	0
3	16	4711	6	54	0
1	16.05	43705	257	51	0
3	16.05	4711	6	54	0
1	16.1	43777	258	51	0
3	16.1	4711	6	54	0
1	16.15	43844	259	51	0
3	16.15	4711	6	54	0
1	16.2	43911	260	51	0
3	16.2	4711	6	54	0
1	16.25	43978	261	51	0
3	16.25	4711	6	54	0
1	16.3	43978	261	51	0
3	16.3	4711	6	54	0
1	16.35	44045	262	51	0
3	16.35	4711	6	54	0
1	16.4	44112	263	51	0
3	16.4	4711	6	54	0
1	16.45	44179	264	51	0
3	16.45	4711	6	54	0
1	16.5	44246	265	51	0
3	16.5	4711	6	54	0
1	16.55	44246	265	51	0
3	16.55	4711	6	54	0
1	16.6	44313	266	51	0
3	16.6	4711	6	54	0
1	16.65	44380	267	51	0
3	16.65	4711	6	54	0
1	16.7	44380	267	51	0
3	16.7	4711	6	54	0
1	16.75	44447	268	51	0
3	16.75	4711	6	54	0
1	16.8	44519	269	51	0
3	16.8	4711	6	54	0
1	16.85	44586	270	51	0
3	16.85	4711	6	54	0
1	16.9	44653	271	51	0
3	16.9	4711	6	54	0
1	16.95	44653	271	51	0
3	16.95	4711	6	54	0
1	17	44720	272	51	0
3	17	4711	6	54	0
1	17.05	44787	273	51	0
3	17.05	4711	6	54	0
1	17.1	44854	274	52	0
3	17.1	4711	6	54	0
1	17.15	44921	275	52	0
3	17.15	4711	6	54	0
1	17.2	44921	275	52	0
3	17.2	4711	6	54	0
1	17.25	44988	276	52	0
3	17.25	4711	6	54	0
1	17.3	45055	277	52	0
3	17.3	4711	6	54	0
1	17.35	45122	278	52	0
3	17.35	4711	6	54	0
1	17.4	45189	279	52	0
3	17.4	4711	6	54	0
1	17.45	45189	279	52	0
3	17.45	4711	6	54	0
1	17.5	45261	280	52	0
3	17.5	4711	6	54	0
1	17.55	45328	281	52	0
3	17.55	4711	6	54	0
1	17.6	45328	281	52	0
3	17.6	4711	6	54	0
1	17.65	45395	282	52	0
3	17.65	4711	6	54	0
1	17.7	45462	283	52	0
3	17.7	4711	6	54	0
1	17.75	45529	284	52	0
3	17.75	4711	6	54	0
1	17.8	45596	285	52	0
3	17.8	4711	6	54	0
1	17.85	45596	285	52	0
3	17.85	4711	6	54	0
1	17.9	45663	286	52	0
3	17.9	4711	6	54	0
1	17.95	45730	287	52	0
3	17.95	4711	6	54	0
1	18	45797	288	52	0
3	18	4711	6	54	0
1	18.05	45864	289	52	0
3	18.05	4711	6	54	0
1	18.1	45864	289	52	0
3	18.1	4711	6	54	0
1	18.15	45931	290	52	0
3	18.15	4711	6	54	0
1	18.2	46003	291	52	0
3	18.2	4711	6	54	0
1	18.25	46070	292	52	0
3	18.25	4711	6	54	0
1	18.3	46070	292	52	0
3	18.3	4711	6	54	0
1	18.35	46137	293	52	0
3	18.35	4711	6	54	0
1	18.4	46204	294	52	0
3	18.4	4711	6	54	0
1	18.45	46271	295	52	0
3	18.45	4711	6	54	0
1	18.5	46271	295	52	0
3	18.5	4711	6	54	0
1	18.55	46338	296	52	0
3	18.55	4711	6	54	0
1	18.6	46405	297	52	0
3	18.6	4711	6	54	0
1	18.65	46472	298	52	0
3	18.65	4711	6	54	0
1	18.7	46539	299	52	0
3	18.7	4711	6	54	0
1	18.75	46539	299	52	0
3	18.75	4711	6	54	0
1	18.8	46606	300	52	0
3	18.8	4711	6	54	0
1	18.85	46673	301	52	0
3	18.85	4711	6	54	0
1	18.9	46745	302	52	0
3	18.9	4711	6	54	0
1	18.95	46812	303	52	0
3	18.95	4711	6	54	0
1	19	46812	303	52	0
3	19	4711	6	54	0
1	19.05	46879	304	52	0
3	19.05	4711	6	54	0
1	19.1	46946	305	54	0
3	19.1	4711	6	54	0
1	19.15	46946	305	54	0
3	19.15	4711	6	54	0
1	19.2	47013	306	54	0
3	19.2	4711	6	54	0
1	19.25	47080	307	54	0
3	19.25	4711	6	54	0
1	19.3	47147	308	54	0
3	19.3	4711	6	54	0
1	19.35	47214	309	54	0
3	19.35	4711	6	54	0
1	19.4	47214	309	54	0
3	19.4	4711	6	54	0
1	19.45	47281	310	54	0
3	19.45	4711	6	54	0
1	19.5	47348	311	54	0
3	19.5	4711	6	54	0
1	19.55	47348	311	54	0
3	19.55	4711	6	54	0
1	19.6	47415	312	54	0
3	19.6	4711	6	54	0
1	19.65	47487	313	54	0
3	19.65	4711	6	54	0
1	19.7	47554	314	54	0
3	19.7	4711	6	54	0
1	19.75	47621	315	54	0
3	19.75	4711	6	54	0
1	19.8	47621	315	54	0
3	19.8	4711	6	54	0
1	19.85	47688	316	54	0
3	19.85	4711	6	54	0
1	19.9	47755	317	54	0
3	19.9	4711	6	54	0
1	19.95	47755	317	54	0
3	19.95	4711	6	54	0
1	20	47822	318	54	0
3	20	4711	6	54	0
1	20.05	47889	319	54	0
3	20.05	4711	6	54	0
1	20.1	47956	320	54	0
3	20.1	4711	6	54	0
1	20.15	48023	321	54	0
3	20.15	4711	6	54	0
1	20.2	48023	321	54	0
3	20.2	4711	6	54	0
1	20.25	48090	322	54	0
3	20.25	4711	6	54	0
1	20.3	48157	323	54	0
3	20.3	4711	6	54	0
1	20.35	48157	323	54	0
3	20.35	4711	6	54	0
1	20.4	48229	324	54	0
3	20.4	4711	6	54	0
1	20.45	48296	325	54	0
3	20.45	4711	6	54	0
1	20.5	48363	326	54	0
3	20.5	4711	6	54	0
1	20.55	48430	327	54	0
3	20.55	4711	6	54	0
1	20.6	48430	327	54	0
3	20.6	4711	6	54	0
1	20.65	48497	328	54	0
3	20.65	4711	6	54	0
1	20.7	48564	329	54	0
3	20.7	4711	6	54	0
1	20.75	48564	329	54	0
3	20.75	4711	6	54	0
1	20.8	48631	330	54	0
3	20.8	4711	6	54	0
1	20.85	48698	331	54	0
3	20.85	4711	6	54	0
1	20.9	48765	332	54	0
3	20.9	4711	6	54	0
1	20.95	48832	333	54	0
3	20.95	4711	6	54	0
1	21	48832	333	54	0
3	21	4711	6	54	0
1	21.05	48899	334	54	0
3	21.05	4711	6	54	0
1	21.1	48971	335	52	0
3	21.1	4711	6	54	0
1	21.15	48971	335	52	0
3	21.15	4711	6	54	0
1	21.2	49038	336	52	0
3	21.2	4711	6	54	0
1	21.25	49105	337	52	0
3	21.25	4711	6	54	0
1	21.3	49172	338	52	0
3	21.3	4711	6	54	0
1	21.35	49239	339	52	0
3	21.35	4711	6	54	0
1	21.4	49239	339	52	0
3	21.4	4711	6	54	0
1	21.45	49306	340	52	0
3	21.45	4711	6	54	0
1	21.5	49373	341	52	0
3	21.5	4711	6	54	0
1	21.55	49440	342	52	0
3	21.55	4711	6	54	0
1	21.6	49507	343	52	0
3	21.6	4711	6	54	0
1	21.65	49507	343	52	0
3	21.65	4711	6	54	0
1	21.7	49574	344	52	0
3	21.7	4711	6	54	0
1	21.75	49641	345	52	0
3	21.75	4711	6	54	0
1	21.8	49713	346	52	0
3	21.8	4711	6	54	0
1	21.85	49713	346	52	0
3	21.85	4711	6	54	0
1	21.9	49780	347	52	0
3	21.9	4711	6	54	0
1	21.95	49847	348	52	0
3	21.95	4711	6	54	0
1	22	49914	349	52	0
3	22	4711	6	54	0
1	22.05	49914	349	52	0
3	22.05	4711	6	54	0
1	22.1	49981	350	52	0
3	22.1	4711	6	54	0
1	22.15	50048	351	52	0
3	22.15	4711	6	54	0
1	22.2	50115	352	52	0
3	22.2	4711	6	54	0
1	22.25	50182	353	52	0
3	22.25	4711	6	54	0
1	22.3	50182	353	52	0
3	22.3	4711	6	54	0
1	22.35	50249	354	52	0
3	22.35	4711	6	54	0
1	22.4	50316	355	52	0
3	22.4	4711	6	54	0
1	22.45	50383	356	52	0
3	22.45	4711	6	54	0
1	22.5	50455	357	52	0
3	22.5	4711	6	54	0
1	22.55	50455	357	52	0
3	22.55	4711	6	54	0
1	22.6	50522	358	52	0
3	22.6	4711	6	54	0
1	22.65	50589	359	52	0
3	22.65	4711	6	54	0
1	22.7	50589	359	52	0
3	22.7	4711	6	54	0
1	22.75	50656	360	52	0
3	22.75	4711	6	54	0
1	22.8	50723	361	52	0
3	22.8	4711	6	54	0
1	22.85	50790	362	52	0
3	22.85	4711	6	54	0
1	22.9	50857	363	52	0
3	22.9	4711	6	54	0
1	22.95	50857	363	52	0
3	22.95	4711	6	54	0
1	23	50924	364	52	0
3	23	4711	6	54	0
1	23.05	50991	365	52	0
3	23.05	4711	6	54	0
1	23.1	51058	366	54	0
3	23.1	4711	6	54	0
1	23.15	51125	367	54	0
3	23.15	4711	6	54	0
1	23.2	51125	367	54	0
3	23.2	4711	6	54	0
1	23.25	51197	368	54	0
3	23.25	4711	6	54	0
1	23.3	51264	369	54	0
3	23.3	4711	6	54	0
1	23.35	51264	369	54	0
3	23.35	4711	6	54	0
1	23.4	51331	370	54	0
3	23.4	4711	6	54	0
1	23.45	51398	371	54	0
3	23.45	4711	6	54	0
1	23.5	51465	372	54	0
3	23.5	4711	6	54	0
1	23.55	51532	373	54	0
3	23.55	4711	6	54	0
1	23.6	51532	373	54	0
3	23.6	4711	6	54	0
1	23.65	51599	374	54	0
3	23.65	4711	6	54	0
1	23.7	51666	375	54	0
3	23.7	4711	6	54	0
1	23.75	51666	375	54	0
3	23.75	4711	6	54	0
1	23.8	51733	376	54	0
3	23.8	4711	6	54	0
1	23.85	51800	377	54	0
3	23.85	4711	6	54	0
1	23.9	51867	378	54	0
3	23.9	4711	6	54	0
1	23.95	51939	379	54	0
3	23.95	4711	6	54	0
1	24	51939	379	54	0
3	24	4711	6	54	0
1	24.05	52006	380	54	0
3	24.05	4711	6	54	0
1	24.1	52073	381	54	0
3	24.1	4711	6	54	0
1	24.15	52073	381	54	0
3	24.15	4711	6	54	0
1	24.2	52140	382	54	0
3	24.2	4711	6	54	0
1	24.25	52207	383	54	0
3	24.25	4711	6	54	0
1	24.3	52274	384	54	0
3	24.3	4711	6	54	0
1	24.35	52341	385	54	0
3	24.35	4711	6	54	0
1	24.4	52341	385	54	0
3	24.4	4711	6	54	0
1	24.45	52408	386	54	0
3	24.45	4711	6	54	0
1	24.5	52475	387	54	0
3	24.5	4711	6	54	0
1	24.55	52475	387	54	0
3	24.55	4711	6	54	0
1	24.6	52542	388	54	0
3	24.6	4711	6	54	0
1	24.65	52609	389	54	0
3	24.65	4711	6	54	0
1	24.7	52681	390	54	0
3	24.7	4711	6	54	0
1	24.75	52748	391	54	0
3	24.75	4711	6	54	0
1	24.8	52748	391	54	0
3	24.8	4711	6	54	0
1	24.85	52815	392	54	0
3	24.85	4711	6	54	0
1	24.9	52882	393	54	0
3	24.9	4711	6	54	0
1	24.95	52882	393	54	0
3	24.95	4711	6	54	0
1	25	52949	394	54	0
3	25	4711	6	54	0
1	25.05	53016	395	54	0
3	25.05	4711	6	54	0
1	25.1	53083	396	51	0
3	25.1	4711	6	54	0
1	25.15	53150	397	51	0
3	25.15	4711	6	54	0
1	25.2	53150	397	51	0
3	25.2	4711	6	54	0
1	25.25	53217	398	51	0
3	25.25	4711	6	54	0
1	25.3	53284	399	51	0
3	25.3	4711	6	54	0
1	25.35	53351	400	51	0
3	25.35	4711	6	54	0
1	25.4	53423	401	51	0
3	25.4	4711	6	54	0
1	25.45	53423	401	51	0
3	25.45	4711	6	54	0
1	25.5	53490	402	51	0
3	25.5	4711	6	54	0
1	25.55	53557	403	51	0
3	25.55	4711	6	54	0
1	25.6	53624	404	51	0
3	25.6	4711	6	54	0
1	25.65	53691	405	51	0
3	25.65	4711	6	54	0
1	25.7	53691	405	51	0
3	25.7	4711	6	54	0
1	25.75	53758	406	51	0
3	25.75	4711	6	54	0
1	25.8	53825	407	51	0
3	25.8	4711	6	54	0
1	25.85	53825	407	51	0
3	25.85	4711	6	54	0
1	25.9	53892	408	51	0
3	25.9	4711	6	54	0
1	25.95	53959	409	51	0
3	25.95	4711	6	54	0
1	26	54026	410	51	0
3	26	4711	6	54	0
1	26.05	54093	411	51	0
3	26.05	4711	6	54	0
1	26.1	54093	411	51	0
3	26.1	4711	6	54	0
1	26.15	54165	412	51	0
3	26.15	4711	6	54	0
1	26.2	54232	413	51	0
3	26.2	4711	6	54	0
1	26.25	54299	414	51	0
3	26.25	4711	6	54	0
1	26.3	54366	415	51	0
3	26.3	4711	6	54	0
1	26.35	54366	415	51	0
3	26.35	4711	6	54	0
1	26.4	54433	416	51	0
3	26.4	4711	6	54	0
1	26.45	54500	417	51	0
3	26.45	4711	6	54	0
1	26.5	54567	418	51	0
3	26.5	4711	6	54	0
1	26.55	54634	419	51	0
3	26.55	4711	6	54	0
1	26.6	54634	419	51	0
3	26.6	4711	6	54	0
1	26.65	54701	420	51	0
3	26.65	4711	6	54	0
1	26.7	54768	421	51	0
3	26.7	4711	6	54	0
1	26.75	54835	422	51	0
3	26.75	4711	6	54	0
1	26.8	54907	423	51	0
3	26.8	4711	6	54	0
1	26.85	54907	423	51	0
3	26.85	4711	6	54	0
1	26.9	54974	424	51	0
3	26.9	4711	6	54	0
1	26.95	55041	425	51	0
3	26.95	4711	6	54	0
1	27	55108	426	51	0
3	27	4711	6	54	0
1	27.05	55175	427	51	0
3	27.05	4711	6	54	0
1	27.1	55175	427	51	0
3	27.1	4711	6	54	0
1	27.15	55242	428	54	0
3	27.15	4711	6	54	0
1	27.2	55309	429	54	0
3	27.2	4711	6	54	0
1	27.25	55309	429	54	0
3	27.25	4711	6	54	0
1	27.3	55376	430	54	0
3	27.3	4711	6	54	0
1	27.35	55443	431	54	0
3	27.35	4711	6	54	0
1	27.4	55510	432	54	0
3	27.4	4711	6	54	0
1	27.45	55577	433	54	0
3	27.45	4711	6	54	0
1	27.5	55577	433	54	0
3	27.5	4711	6	54	0
1	27.55	55649	434	54	0
3	27.55	4711	6	54	0
1	27.6	55716	435	54	0
3	27.6	4711	6	54	0
1	27.65	55716	435	54	0
3	27.65	4711	6	54	0
1	27.7	55783	436	54	0
3	27.7	4711	6	54	0
1	27.75	55850	437	54	0
3	27.75	4711	6	54	0
1	27.8	55917	438	54	0
3	27.8	4711	6	54	0
1	27.85	55984	439	54	0
3	27.85	4711	6	54	0
1	27.9	55984	439	54	0
3	27.9	4711	6	54	0
1	27.95	56051	440	54	0
3	27.95	4711	6	54	0
1	28	56118	441	54	0
3	28	4711	6	54	0
1	28.05	56118	441	54	0
3	28.05	4711	6	54	0
1	28.1	56185	442	54	0
3	28.1	4711	6	54	0
1	28.15	56252	443	54	0
3	28.15	4711	6	54	0
1	28.2	56319	444	54	0
3	28.2	4711	6	54	0
1	28.25	56391	445	54	0
3	28.25	4711	6	54	0
1	28.3	56391	445	54	0
3	28.3	4711	6	54	0
1	28.35	56458	446	54	0
3	28.35	4711	6	54	0
1	28.4	56525	447	54	0
3	28.4	4711	6	54	0
1	28.45	56525	447	54	0
3	28.45	4711	6	54	0
1	28.5	56592	448	54	0
3	28.5	4711	6	54	0
1	28.55	56659	449	54	0
3	28.55	4711	6	54	0
1	28.6	56726	450	54	0
3	28.6	4711	6	54	0
1	28.65	56793	451	54	0
3	28.65	4711	6	54	0
1	28.7	56793	451	54	0
3	28.7	4711	6	54	0
1	28.75	56860	452	54	0
3	28.75	4711	6	54	0
1	28.8	56927	453	54	0
3	28.8	4711	6	54	0
1	28.85	56927	453	54	0
3	28.85	4711	6	54	0
1	28.9	56994	454	54	0
3	28.9	4711	6	54	0
1	28.95	57061	455	54	0
3	28.95	4711	6	54	0
1	29	57133	456	54	0
3	29	4711	6	54	0
1	29.05	57200	457	54	0
3	29.05	4711	6	54	0
1	29.1	57200	457	54	0
3	29.1	4711	6	54	0
1	29.15	57267	458	53	0
3	29.15	4711	6	54	0
1	29.2	57334	459	53	0
3	29.2	4711	6	54	0
1	29.25	57334	459	53	0
3	29.25	4711	6	54	0
1	29.3	57401	460	53	0
3	29.3	4711	6	54	0
1	29.35	57468	461	53	0
3	29.35	4711	6	54	0
1	29.4	57535	462	53	0
3	29.4	4711	6	54	0
1	29.45	57602	463	53	0
3	29.45	4711	6	54	0
1	29.5	57602	463	53	0
3	29.5	4711	6	54	0
1	29.55	57669	464	53	0
3	29.55	4711	6	54	0
1	29.6	57736	465	53	0
3	29.6	4711	6	54	0
1	29.65	57736	465	53	0
3	29.65	4711	6	54	0
1	29.7	57803	466	53	0
3	29.7	4711	6	54	0
1	29.75	57875	467	53	0
3	29.75	4711	6	54	0
1	29.8	57942	468	53	0
3	29.8	4711	6	54	0
1	29.85	58009	469	53	0
3	29.85	4711	6	54	0
1	29.9	58009	469	53	0
3	29.9	4711	6	54	0
1	29.95	58076	470	53	0
3	29.95	4711	6	54	0
