1	1.05	0	0	0	-nan
1	1.1	1260	1	53	-nan
2	1.1	0	0	0	-nan
1	1.15	1260	1	53	-nan
2	1.15	129	2	52	0
1	1.2	9838	7	56	0
2	1.2	129	2	52	0
1	1.25	9838	7	56	0
2	1.25	350	6	54	0
1	1.3	18989	14	55	0
2	1.3	408	7	53	0
1	1.35	25114	19	54	0
2	1.35	1008	14	53	0
1	1.4	25226	21	54	0
2	1.4	1491	20	54	0
1	1.45	25342	23	54	0
2	1.45	1576	21	54	0
1	1.5	25404	24	52	0
2	1.5	1831	24	52	0
1	1.55	26983	26	54	0
2	1.55	1916	25	52	0
1	1.6	27050	27	54	0
2	1.6	2001	26	54	0
1	1.65	27114	28	54	0
2	1.65	2171	28	54	0
1	1.7	28698	30	52	0
2	1.7	2256	29	50	0
1	1.75	28698	30	52	0
2	1.75	2426	31	50	0
1	1.8	28762	31	50	0
2	1.8	2426	31	50	0
1	1.85	28826	32	50	0
2	1.85	2511	32	50	0
1	1.9	28826	32	50	0
2	1.9	2596	33	52	0
1	1.95	28954	34	52	0
2	1.95	2596	33	52	0
1	2	28954	34	52	0
2	2	2766	35	50	0
1	2.05	29018	35	50	0
2	2.05	2766	35	50	0
1	2.1	29082	36	54	0
2	2.1	2851	36	54	0
1	2.15	29082	36	54	0
2	2.15	2936	37	54	0
1	2.2	29215	38	51	0
2	2.2	2936	37	54	0
1	2.25	29215	38	51	0
2	2.25	3106	39	51	0
1	2.3	29279	39	54	0
2	2.3	3106	39	51	0
1	2.35	29343	40	54	0
2	2.35	3191	40	54	0
1	2.4	29343	40	54	0
2	2.4	3276	41	53	0
1	2.45	29407	41	53	0
2	2.45	3276	41	53	0
1	2.5	29471	42	50	0
2	2.5	3361	42	50	0
1	2.55	29535	43	50	0
2	2.55	3446	43	50	0
1	2.6	29599	44	53	0
2	2.6	3531	44	53	0
1	2.65	29599	44	53	0
2	2.65	3616	45	53	0
1	2.7	29663	45	53	0
2	2.7	3616	45	53	0
1	2.75	29727	46	53	0
2	2.75	3701	46	53	0
1	2.8	29727	46	53	0
2	2.8	3786	47	51	0
1	2.85	29855	48	51	0
2	2.85	3786	47	51	0
1	2.9	29855	48	51	0
2	2.9	3956	49	54	0
1	2.95	29924	49	54	0
2	2.95	3956	49	54	0
1	3	29988	50	50	0
2	3	4041	50	50	0
1	3.05	29988	50	50	0
2	3.05	4126	51	50	0
1	3.1	30116	52	54	0
2	3.1	4126	51	50	0
1	3.15	30116	52	54	0
2	3.15	4211	52	54	0
1	3.2	30180	53	52	0
2	3.2	4296	53	54	0
1	3.25	30244	54	52	0
2	3.25	4296	53	54	0
1	3.3	30244	54	52	0
2	3.3	4466	55	53	0
1	3.35	30308	55	53	0
2	3.35	4466	55	53	0
1	3.4	30372	56	54	0
2	3.4	4551	56	54	0
1	3.45	30372	56	54	0
2	3.45	4636	57	54	0
1	3.5	30500	58	54	0
2	3.5	4636	57	54	0
1	3.55	30500	58	54	0
2	3.55	4806	59	54	0
1	3.6	30564	59	51	0
2	3.6	4806	59	54	0
1	3.65	30633	60	51	0
2	3.65	4891	60	51	0
1	3.7	30633	60	51	0
2	3.7	4976	61	51	0
1	3.75	30697	61	51	0
2	3.75	4976	61	51	0
1	3.8	30761	62	51	0
2	3.8	5061	62	54	0
1	3.85	30761	62	51	0
2	3.85	5146	63	54	0
1	3.9	30889	64	54	0
2	3.9	5146	63	54	0
1	3.95	30889	64	54	0
2	3.95	5316	65	54	0
1	4	30955	65	54	0
2	4	5316	65	54	0
1	4.05	31021	66	54	0
2	4.05	5401	66	54	0
1	4.1	31021	66	54	0
2	4.1	5486	67	50	0
1	4.15	31153	68	50	0
2	4.15	5486	67	50	0
1	4.2	31153	68	50	0
2	4.2	5656	69	53	0
1	4.25	31219	69	53	0
2	4.25	5656	69	53	0
1	4.3	31285	70	51	0
2	4.3	5741	70	51	0
1	4.35	31285	70	51	0
2	4.35	5826	71	51	0
1	4.4	31354	71	54	0
2	4.4	5826	71	51	0
1	4.45	31354	71	54	0
2	4.45	5911	72	54	0
1	4.5	31354	71	54	0
2	4.5	5911	72	54	0
1	4.55	31420	72	54	0
2	4.55	5911	72	54	0
1	4.6	31420	72	54	0
2	4.6	5996	73	54	0
1	4.65	31486	73	54	0
2	4.65	5996	73	54	0
1	4.7	31486	73	54	0
2	4.7	6081	74	53	0
1	4.75	31486	73	54	0
2	4.75	6081	74	53	0
1	4.8	31552	74	51	0
2	4.8	6081	74	53	0
1	4.85	31552	74	51	0
2	4.85	6166	75	51	0
1	4.9	31552	74	51	0
2	4.9	6166	75	51	0
1	4.95	31618	75	51	0
2	4.95	6166	75	51	0
1	5	31618	75	51	0
2	5	6251	76	54	0
1	5.05	31684	76	54	0
2	5.05	6251	76	54	0
1	5.1	31684	76	54	0
2	5.1	6336	77	50	0
1	5.15	31684	76	54	0
2	5.15	6336	77	50	0
1	5.2	31750	77	54	0
2	5.2	6336	77	50	0
1	5.25	31750	77	54	0
2	5.25	6421	78	54	0
1	5.3	31816	78	52	0
2	5.3	6421	78	54	0
1	5.35	31816	78	52	0
2	5.35	6506	79	52	0
1	5.4	31816	78	52	0
2	5.4	6506	79	52	0
1	5.45	31882	79	53	0
2	5.45	6506	79	52	0
1	5.5	31882	79	53	0
2	5.5	6591	80	54	0
1	5.55	31882	79	53	0
2	5.55	6591	80	54	0
1	5.6	31948	80	52	0
2	5.6	6591	80	54	0
1	5.65	31948	80	52	0
2	5.65	6676	81	52	0
1	5.7	32014	81	51	0
2	5.7	6676	81	52	0
1	5.75	32014	81	51	0
2	5.75	6761	82	51	0
1	5.8	32014	81	51	0
2	5.8	6761	82	51	0
1	5.85	32085	82	53	0
2	5.85	6761	82	51	0
1	5.9	32085	82	53	0
2	5.9	6846	83	53	0
1	5.95	32151	83	53	0
2	5.95	6846	83	53	0
1	6	32151	83	53	0
2	6	6931	84	51	0
1	6.05	32151	83	53	0
2	6.05	6931	84	51	0
1	6.1	32217	84	50	0
2	6.1	6931	84	51	0
1	6.15	32217	84	50	0
2	6.15	7016	85	50	0
1	6.2	32283	85	53	0
2	6.2	7016	85	50	0
1	6.25	32283	85	53	0
2	6.25	7016	85	50	0
1	6.3	32283	85	53	0
2	6.3	7101	86	53	0
1	6.35	32349	86	52	0
2	6.35	7101	86	53	0
1	6.4	32349	86	52	0
2	6.4	7186	87	53	0
1	6.45	32349	86	52	0
2	6.45	7186	87	53	0
1	6.5	32415	87	54	0
2	6.5	7186	87	53	0
1	6.55	32415	87	54	0
2	6.55	7271	88	54	0
1	6.6	32481	88	54	0
2	6.6	7271	88	54	0
1	6.65	32481	88	54	0
2	6.65	7356	89	54	0
1	6.7	32481	88	54	0
2	6.7	7356	89	54	0
1	6.75	32547	89	54	0
2	6.75	7356	89	54	0
1	6.8	32547	89	54	0
2	6.8	7441	90	54	0
1	6.85	32547	89	54	0
2	6.85	7441	90	54	0
1	6.9	32613	90	52	0
2	6.9	7441	90	54	0
1	6.95	32613	90	52	0
2	6.95	7526	91	52	0
1	7	32679	91	52	0
2	7	7526	91	52	0
1	7.05	32679	91	52	0
2	7.05	7611	92	52	0
1	7.1	32679	91	52	0
2	7.1	7611	92	52	0
1	7.15	32745	92	50	0
2	7.15	7611	92	52	0
1	7.2	32745	92	50	0
2	7.2	7696	93	54	0
1	7.25	32816	93	54	0
2	7.25	7696	93	54	0
1	7.3	32816	93	54	0
2	7.3	7696	93	54	0
1	7.35	32816	93	54	0
2	7.35	7781	94	54	0
1	7.4	32882	94	51	0
2	7.4	7781	94	54	0
1	7.45	32882	94	51	0
2	7.45	7866	95	51	0
1	7.5	32882	94	51	0
2	7.5	7866	95	51	0
1	7.55	32948	95	52	0
2	7.55	7866	95	51	0
1	7.6	32948	95	52	0
2	7.6	7951	96	53	0
1	7.65	33014	96	53	0
2	7.65	7951	96	53	0
1	7.7	33014	96	53	0
2	7.7	8036	97	53	0
1	7.75	33014	96	53	0
2	7.75	8036	97	53	0
1	7.8	33080	97	54	0
2	7.8	8036	97	53	0
1	7.85	33080	97	54	0
2	7.85	8121	98	54	0
1	7.9	33080	97	54	0
2	7.9	8121	98	54	0
1	7.95	33146	98	54	0
2	7.95	8121	98	54	0
1	8	33146	98	54	0
2	8	8206	99	53	0
1	8.05	33212	99	53	0
2	8.05	8206	99	53	0
1	8.1	33212	99	53	0
2	8.1	8291	100	50	0
1	8.15	33212	99	53	0
2	8.15	8291	100	50	0
1	8.2	33278	100	50	0
2	8.2	8291	100	50	0
1	8.25	33278	100	50	0
2	8.25	8376	101	50	0
1	8.3	33344	101	52	0
2	8.3	8376	101	50	0
1	8.35	33344	101	52	0
2	8.35	8461	102	52	0
1	8.4	33344	101	52	0
2	8.4	8461	102	52	0
1	8.45	33410	102	52	0
2	8.45	8461	102	52	0
1	8.5	33410	102	52	0
2	8.5	8546	103	53	0
1	8.55	33476	103	53	0
2	8.55	8546	103	53	0
1	8.6	33476	103	53	0
2	8.6	8546	103	53	0
1	8.65	33476	103	53	0
2	8.65	8631	104	53	0
1	8.7	33547	104	54	0
2	8.7	8631	104	53	0
1	8.75	33547	104	54	0
2	8.75	8716	105	54	0
1	8.8	33547	104	54	0
2	8.8	8716	105	54	0
1	8.85	33613	105	52	0
2	8.85	8716	105	54	0
1	8.9	33613	105	52	0
2	8.9	8801	106	54	0
1	8.95	33679	106	54	0
2	8.95	8801	106	54	0
1	9	33679	106	54	0
2	9	8886	107	52	0
1	9.05	33679	106	54	0
2	9.05	8886	107	52	0
1	9.1	33745	107	54	0
2	9.1	8886	107	52	0
1	9.15	33745	107	54	0
2	9.15	8971	108	54	0
1	9.2	33745	107	54	0
2	9.2	8971	108	54	0
1	9.25	33811	108	50	0
2	9.25	8971	108	54	0
1	9.3	33811	108	50	0
2	9.3	9056	109	51	0
1	9.35	33877	109	51	0
2	9.35	9056	109	51	0
1	9.4	33877	109	51	0
2	9.4	9141	110	52	0
1	9.45	33877	109	51	0
2	9.45	9141	110	52	0
1	9.5	33943	110	52	0
2	9.5	9141	110	52	0
1	9.55	33943	110	52	0
2	9.55	9226	111	52	0
1	9.6	34009	111	53	0
2	9.6	9226	111	52	0
1	9.65	34009	111	53	0
2	9.65	9311	112	53	0
1	9.7	34009	111	53	0
2	9.7	9311	112	53	0
1	9.75	34075	112	51	0
2	9.75	9311	112	53	0
1	9.8	34075	112	51	0
2	9.8	9396	113	53	0
1	9.85	34075	112	51	0
2	9.85	9396	113	53	0
1	9.9	34141	113	51	0
2	9.9	9396	113	53	0
1	9.95	34141	113	51	0
2	9.95	9481	114	51	0
1	10	34207	114	51	0
2	10	9481	114	51	0
1	10.05	34207	114	51	0
2	10.05	9566	115	51	0
1	10.1	34207	114	51	0
2	10.1	9566	115	51	0
1	10.15	34278	115	51	0
2	10.15	9566	115	51	0
1	10.2	34278	115	51	0
2	10.2	9651	116	53	0
1	10.25	34344	116	53	0
2	10.25	9651	116	53	0
1	10.3	34344	116	53	0
2	10.3	9736	117	51	0
1	10.35	34344	116	53	0
2	10.35	9736	117	51	0
1	10.4	34410	117	52	0
2	10.4	9736	117	51	0
1	10.45	34410	117	52	0
2	10.45	9821	118	52	0
1	10.5	34476	118	53	0
2	10.5	9821	118	52	0
1	10.55	34476	118	53	0
2	10.55	9906	119	53	0
1	10.6	34476	118	53	0
2	10.6	9906	119	53	0
1	10.65	34542	119	51	0
2	10.65	9906	119	53	0
1	10.7	34542	119	51	0
2	10.7	9991	120	51	0
1	10.75	34542	119	51	0
2	10.75	9991	120	51	0
1	10.8	34608	120	50	0
2	10.8	9991	120	51	0
1	10.85	34608	120	50	0
2	10.85	10076	121	50	0
1	10.9	34674	121	54	0
2	10.9	10076	121	50	0
1	10.95	34674	121	54	0
2	10.95	10161	122	54	0
1	11	34674	121	54	0
2	11	10161	122	54	0
1	11.05	34740	122	52	0
2	11.05	10161	122	54	0
1	11.1	34740	122	52	0
2	11.1	10246	123	50	0
1	11.15	34806	123	50	0
2	11.15	10246	123	50	0
1	11.2	34806	123	50	0
2	11.2	10331	124	53	0
1	11.25	34806	123	50	0
2	11.25	10331	124	53	0
1	11.3	34872	124	51	0
2	11.3	10331	124	53	0
1	11.35	34872	124	51	0
2	11.35	10416	125	51	0
1	11.4	34938	125	53	0
2	11.4	10416	125	51	0
1	11.45	34938	125	53	0
2	11.45	10501	126	53	0
1	11.5	34938	125	53	0
2	11.5	10501	126	53	0
1	11.55	35009	126	53	0
2	11.55	10501	126	53	0
1	11.6	35009	126	53	0
2	11.6	10586	127	50	0
1	11.65	35009	126	53	0
2	11.65	10586	127	50	0
1	11.7	35075	127	53	0
2	11.7	10586	127	50	0
1	11.75	35075	127	53	0
2	11.75	10671	128	53	0
1	11.8	35141	128	51	0
2	11.8	10671	128	53	0
1	11.85	35141	128	51	0
2	11.85	10756	129	51	0
1	11.9	35141	128	51	0
2	11.9	10756	129	51	0
1	11.95	35207	129	51	0
2	11.95	10756	129	51	0
1	12	35207	129	51	0
2	12	10841	130	52	0
1	12.05	35273	130	52	0
2	12.05	10841	130	52	0
1	12.1	35273	130	52	0
2	12.1	10926	131	51	0
1	12.15	35273	130	52	0
2	12.15	10926	131	51	0
1	12.2	35339	131	54	0
2	12.2	10926	131	51	0
1	12.25	35339	131	54	0
2	12.25	11011	132	54	0
1	12.3	35339	131	54	0
2	12.3	11011	132	54	0
1	12.35	35405	132	52	0
2	12.35	11011	132	54	0
1	12.4	35405	132	52	0
2	12.4	11096	133	53	0
1	12.45	35471	133	53	0
2	12.45	11096	133	53	0
1	12.5	35471	133	53	0
2	12.5	11181	134	52	0
1	12.55	35471	133	53	0
2	12.55	11181	134	52	0
1	12.6	35537	134	54	0
2	12.6	11181	134	52	0
1	12.65	35537	134	54	0
2	12.65	11266	135	54	0
1	12.7	35603	135	51	0
2	12.7	11266	135	54	0
1	12.75	35603	135	51	0
2	12.75	11351	136	51	0
1	12.8	35603	135	51	0
2	12.8	11351	136	51	0
1	12.85	35669	136	53	0
2	12.85	11351	136	51	0
1	12.9	35669	136	53	0
2	12.9	11436	137	51	0
1	12.95	35669	136	53	0
2	12.95	11436	137	51	0
1	13	35740	137	52	0
2	13	11436	137	51	0
1	13.05	35740	137	52	0
2	13.05	11521	138	52	0
1	13.1	35806	138	54	0
2	13.1	11521	138	52	0
1	13.15	35806	138	54	0
2	13.15	11606	139	54	0
1	13.2	35806	138	54	0
2	13.2	11606	139	54	0
1	13.25	35872	139	53	0
2	13.25	11606	139	54	0
1	13.3	35872	139	53	0
2	13.3	11691	140	54	0
1	13.35	35938	140	54	0
2	13.35	11691	140	54	0
1	13.4	35938	140	54	0
2	13.4	11691	140	54	0
1	13.45	35938	140	54	0
2	13.45	11776	141	54	0
1	13.5	36004	141	51	0
2	13.5	11776	141	54	0
1	13.55	36004	141	51	0
2	13.55	11861	142	51	0
1	13.6	36004	141	51	0
2	13.6	11861	142	51	0
1	13.65	36070	142	54	0
2	13.65	11861	142	51	0
1	13.7	36070	142	54	0
2	13.7	11946	143	51	0
1	13.75	36136	143	51	0
2	13.75	11946	143	51	0
1	13.8	36136	143	51	0
2	13.8	12031	144	51	0
1	13.85	36136	143	51	0
2	13.85	12031	144	51	0
1	13.9	36202	144	50	0
2	13.9	12031	144	51	0
1	13.95	36202	144	50	0
2	13.95	12116	145	50	0
1	14	36268	145	50	0
2	14	12116	145	50	0
1	14.05	36268	145	50	0
2	14.05	12201	146	50	0
1	14.1	36268	145	50	0
2	14.1	12201	146	50	0
1	14.15	36334	146	52	0
2	14.15	12201	146	50	0
1	14.2	36334	146	52	0
2	14.2	12286	147	53	0
1	14.25	36400	147	53	0
2	14.25	12286	147	53	0
1	14.3	36400	147	53	0
2	14.3	12371	148	50	0
1	14.35	36400	147	53	0
2	14.35	12371	148	50	0
1	14.4	36471	148	52	0
2	14.4	12371	148	50	0
1	14.45	36471	148	52	0
2	14.45	12456	149	52	0
1	14.5	36471	148	52	0
2	14.5	12456	149	52	0
1	14.55	36537	149	53	0
2	14.55	12456	149	52	0
1	14.6	36537	149	53	0
2	14.6	12541	150	53	0
1	14.65	36603	150	53	0
2	14.65	12541	150	53	0
1	14.7	36603	150	53	0
2	14.7	12626	151	50	0
1	14.75	36603	150	53	0
2	14.75	12626	151	50	0
1	14.8	36669	151	54	0
2	14.8	12626	151	50	0
1	14.85	36669	151	54	0
2	14.85	12711	152	54	0
1	14.9	36735	152	54	0
2	14.9	12711	152	54	0
1	14.95	36735	152	54	0
2	14.95	12711	152	54	0
1	15	36735	152	54	0
2	15	12796	153	54	0
1	15.05	36801	153	52	0
2	15.05	12796	153	54	0
1	15.1	36801	153	52	0
2	15.1	12881	154	54	0
1	15.15	36801	153	52	0
2	15.15	12881	154	54	0
1	15.2	36867	154	50	0
2	15.2	12881	154	54	0
1	15.25	36867	154	50	0
2	15.25	12966	155	50	0
1	15.3	36933	155	51	0
2	15.3	12966	155	50	0
1	15.35	36933	155	51	0
2	15.35	13051	156	51	0
1	15.4	36933	155	51	0
2	15.4	13051	156	51	0
1	15.45	36999	156	51	0
2	15.45	13051	156	51	0
1	15.5	36999	156	51	0
2	15.5	13136	157	52	0
1	15.55	37065	157	52	0
2	15.55	13136	157	52	0
1	15.6	37065	157	52	0
2	15.6	13221	158	51	0
1	15.65	37065	157	52	0
2	15.65	13221	158	51	0
1	15.7	37131	158	52	0
2	15.7	13221	158	51	0
1	15.75	37131	158	52	0
2	15.75	13306	159	52	0
1	15.8	37202	159	51	0
2	15.8	13306	159	52	0
1	15.85	37202	159	51	0
2	15.85	13391	160	51	0
1	15.9	37202	159	51	0
2	15.9	13391	160	51	0
1	15.95	37268	160	53	0
2	15.95	13391	160	51	0
1	16	37268	160	53	0
2	16	13476	161	54	0
1	16.05	37268	160	53	0
2	16.05	13476	161	54	0
1	16.1	37334	161	53	0
2	16.1	13476	161	54	0
1	16.15	37334	161	53	0
2	16.15	13561	162	53	0
1	16.2	37400	162	52	0
2	16.2	13561	162	53	0
1	16.25	37400	162	52	0
2	16.25	13646	163	52	0
1	16.3	37400	162	52	0
2	16.3	13646	163	52	0
1	16.35	37466	163	51	0
2	16.35	13646	163	52	0
1	16.4	37466	163	51	0
2	16.4	13731	164	51	0
1	16.45	37532	164	51	0
2	16.45	13731	164	51	0
1	16.5	37532	164	51	0
2	16.5	13816	165	53	0
1	16.55	37532	164	51	0
2	16.55	13816	165	53	0
1	16.6	37598	165	51	0
2	16.6	13816	165	53	0
1	16.65	37598	165	51	0
2	16.65	13901	166	51	0
1	16.7	37598	165	51	0
2	16.7	13901	166	51	0
1	16.75	37664	166	53	0
2	16.75	13901	166	51	0
1	16.8	37664	166	53	0
2	16.8	13986	167	54	0
1	16.85	37730	167	54	0
2	16.85	13986	167	54	0
1	16.9	37730	167	54	0
2	16.9	14071	168	50	0
1	16.95	37730	167	54	0
2	16.95	14071	168	50	0
1	17	37796	168	50	0
2	17	14071	168	50	0
1	17.05	37796	168	50	0
2	17.05	14156	169	50	0
1	17.1	37862	169	51	0
2	17.1	14156	169	50	0
1	17.15	37862	169	51	0
2	17.15	14241	170	51	0
1	17.2	37862	169	51	0
2	17.2	14241	170	51	0
1	17.25	37933	170	53	0
2	17.25	14241	170	51	0
1	17.3	37933	170	53	0
2	17.3	14326	171	51	0
1	17.35	37999	171	51	0
2	17.35	14326	171	51	0
1	17.4	37999	171	51	0
2	17.4	14411	172	52	0
1	17.45	37999	171	51	0
2	17.45	14411	172	52	0
1	17.5	38065	172	52	0
2	17.5	14411	172	52	0
1	17.55	38065	172	52	0
2	17.55	14496	173	52	0
1	17.6	38065	172	52	0
2	17.6	14496	173	52	0
1	17.65	38131	173	52	0
2	17.65	14496	173	52	0
1	17.7	38131	173	52	0
2	17.7	14581	174	51	0
1	17.75	38197	174	51	0
2	17.75	14581	174	51	0
1	17.8	38197	174	51	0
2	17.8	14666	175	52	0
1	17.85	38197	174	51	0
2	17.85	14666	175	52	0
1	17.9	38263	175	52	0
2	17.9	14666	175	52	0
1	17.95	38263	175	52	0
2	17.95	14751	176	52	0
1	18	38329	176	51	0
2	18	14751	176	52	0
1	18.05	38329	176	51	0
2	18.05	14836	177	51	0
1	18.1	38329	176	51	0
2	18.1	14836	177	51	0
1	18.15	38395	177	53	0
2	18.15	14836	177	51	0
1	18.2	38395	177	53	0
2	18.2	14921	178	54	0
1	18.25	38395	177	53	0
2	18.25	14921	178	54	0
1	18.3	38461	178	54	0
2	18.3	14921	178	54	0
1	18.35	38461	178	54	0
2	18.35	15006	179	52	0
1	18.4	38527	179	54	0
2	18.4	15006	179	52	0
1	18.45	38527	179	54	0
2	18.45	15091	180	54	0
1	18.5	38527	179	54	0
2	18.5	15091	180	54	0
1	18.55	38593	180	51	0
2	18.55	15091	180	54	0
1	18.6	38593	180	51	0
2	18.6	15176	181	54	0
1	18.65	38664	181	54	0
2	18.65	15176	181	54	0
1	18.7	38664	181	54	0
2	18.7	15261	182	50	0
1	18.75	38664	181	54	0
2	18.75	15261	182	50	0
1	18.8	38730	182	52	0
2	18.8	15261	182	50	0
1	18.85	38730	182	52	0
2	18.85	15346	183	52	0
1	18.9	38730	182	52	0
2	18.9	15346	183	52	0
1	18.95	38796	183	54	0
2	18.95	15346	183	52	0
1	19	38796	183	54	0
2	19	15431	184	51	0
1	19.05	38862	184	51	0
2	19.05	15431	184	51	0
1	19.1	38862	184	51	0
2	19.1	15516	185	51	0
1	19.15	38862	184	51	0
2	19.15	15516	185	51	0
1	19.2	38928	185	53	0
2	19.2	15516	185	51	0
1	19.25	38928	185	53	0
2	19.25	15601	186	53	0
1	19.3	38994	186	50	0
2	19.3	15601	186	53	0
1	19.35	38994	186	50	0
2	19.35	15686	187	50	0
1	19.4	38994	186	50	0
2	19.4	15686	187	50	0
1	19.45	39060	187	53	0
2	19.45	15686	187	50	0
1	19.5	39060	187	53	0
2	19.5	15771	188	54	0
1	19.55	39060	187	53	0
2	19.55	15771	188	54	0
1	19.6	39126	188	54	0
2	19.6	15771	188	54	0
1	19.65	39126	188	54	0
2	19.65	15856	189	52	0
1	19.7	39192	189	52	0
2	19.7	15856	189	52	0
1	19.75	39192	189	52	0
2	19.75	15941	190	52	0
1	19.8	39192	189	52	0
2	19.8	15941	190	52	0
1	19.85	39258	190	50	0
2	19.85	15941	190	52	0
1	19.9	39258	190	50	0
2	19.9	16026	191	52	0
1	19.95	39324	191	52	0
2	19.95	16026	191	52	0
1	20	39324	191	52	0
2	20	16111	192	52	0
1	20.05	39324	191	52	0
2	20.05	16111	192	52	0
1	20.1	39395	192	53	0
2	20.1	16111	192	52	0
1	20.15	39395	192	53	0
2	20.15	16196	193	53	0
1	20.2	39461	193	50	0
2	20.2	16196	193	53	0
1	20.25	39461	193	50	0
2	20.25	16281	194	50	0
1	20.3	39461	193	50	0
2	20.3	16281	194	50	0
1	20.35	39527	194	52	0
2	20.35	16281	194	50	0
1	20.4	39527	194	52	0
2	20.4	16366	195	51	0
1	20.45	39593	195	51	0
2	20.45	16366	195	51	0
1	20.5	39593	195	51	0
2	20.5	16366	195	51	0
1	20.55	39593	195	51	0
2	20.55	16451	196	54	0
1	20.6	39659	196	53	0
2	20.6	16451	196	54	0
1	20.65	39659	196	53	0
2	20.65	16536	197	53	0
1	20.7	39659	196	53	0
2	20.7	16536	197	53	0
1	20.75	39725	197	51	0
2	20.75	16536	197	53	0
1	20.8	39725	197	51	0
2	20.8	16621	198	54	0
1	20.85	39791	198	54	0
2	20.85	16621	198	54	0
1	20.9	39791	198	54	0
2	20.9	16706	199	53	0
1	20.95	39791	198	54	0
2	20.95	16706	199	53	0
1	21	39857	199	51	0
2	21	16706	199	53	0
1	21.05	39857	199	51	0
2	21.05	16791	200	51	0
1	21.1	39857	199	51	0
2	21.1	16791	200	51	0
1	21.15	39923	200	54	0
2	21.15	16791	200	51	0
1	21.2	39923	200	54	0
2	21.2	16876	201	53	0
1	21.25	39989	201	53	0
2	21.25	16876	201	53	0
1	21.3	39989	201	53	0
2	21.3	16961	202	50	0
1	21.35	39989	201	53	0
2	21.35	16961	202	50	0
1	21.4	40055	202	53	0
2	21.4	16961	202	50	0
1	21.45	40055	202	53	0
2	21.45	17046	203	53	0
1	21.5	40126	203	54	0
2	21.5	17046	203	53	0
1	21.55	40126	203	54	0
2	21.55	17046	203	53	0
1	21.6	40126	203	54	0
2	21.6	17131	204	54	0
1	21.65	40192	204	53	0
2	21.65	17131	204	54	0
1	21.7	40192	204	53	0
2	21.7	17216	205	51	0
1	21.75	40192	204	53	0
2	21.75	17216	205	51	0
1	21.8	40258	205	50	0
2	21.8	17216	205	51	0
1	21.85	40258	205	50	0
2	21.85	17301	206	50	0
1	21.9	40324	206	54	0
2	21.9	17301	206	50	0
1	21.95	40324	206	54	0
2	21.95	17386	207	54	0
1	22	40324	206	54	0
2	22	17386	207	54	0
1	22.05	40390	207	53	0
2	22.05	17386	207	54	0
1	22.1	40390	207	53	0
2	22.1	17471	208	52	0
1	22.15	40456	208	52	0
2	22.15	17471	208	52	0
1	22.2	40456	208	52	0
2	22.2	17556	209	51	0
1	22.25	40456	208	52	0
2	22.25	17556	209	51	0
1	22.3	40522	209	53	0
2	22.3	17556	209	51	0
1	22.35	40522	209	53	0
2	22.35	17641	210	53	0
1	22.4	40522	209	53	0
2	22.4	17641	210	53	0
1	22.45	40588	210	52	0
2	22.45	17641	210	53	0
1	22.5	40588	210	52	0
2	22.5	17726	211	53	0
1	22.55	40654	211	53	0
2	22.55	17726	211	53	0
1	22.6	40654	211	53	0
2	22.6	17811	212	53	0
1	22.65	40654	211	53	0
2	22.65	17811	212	53	0
1	22.7	40720	212	52	0
2	22.7	17811	212	53	0
1	22.75	40720	212	52	0
2	22.75	17896	213	52	0
1	22.8	40786	213	51	0
2	22.8	17896	213	52	0
1	22.85	40786	213	51	0
2	22.85	17981	214	51	0
1	22.9	40786	213	51	0
2	22.9	17981	214	51	0
1	22.95	40857	214	50	0
2	22.95	17981	214	51	0
1	23	40857	214	50	0
2	23	18066	215	54	0
1	23.05	40857	214	50	0
2	23.05	18066	215	54	0
1	23.1	40923	215	54	0
2	23.1	18066	215	54	0
1	23.15	40923	215	54	0
2	23.15	18151	216	54	0
1	23.2	40989	216	50	0
2	23.2	18151	216	54	0
1	23.25	40989	216	50	0
2	23.25	18236	217	50	0
1	23.3	40989	216	50	0
2	23.3	18236	217	50	0
1	23.35	41055	217	53	0
2	23.35	18236	217	50	0
1	23.4	41055	217	53	0
2	23.4	18321	218	51	0
1	23.45	41121	218	51	0
2	23.45	18321	218	51	0
1	23.5	41121	218	51	0
2	23.5	18406	219	54	0
1	23.55	41121	218	51	0
2	23.55	18406	219	54	0
1	23.6	41187	219	54	0
2	23.6	18406	219	54	0
1	23.65	41187	219	54	0
2	23.65	18491	220	54	0
1	23.7	41187	219	54	0
2	23.7	18491	220	54	0
1	23.75	41253	220	51	0
2	23.75	18491	220	54	0
1	23.8	41253	220	51	0
2	23.8	18576	221	53	0
1	23.85	41319	221	53	0
2	23.85	18576	221	53	0
1	23.9	41319	221	53	0
2	23.9	18661	222	53	0
1	23.95	41319	221	53	0
2	23.95	18661	222	53	0
1	24	41385	222	50	0
2	24	18661	222	53	0
1	24.05	41385	222	50	0
2	24.05	18746	223	50	0
1	24.1	41451	223	50	0
2	24.1	18746	223	50	0
1	24.15	41451	223	50	0
2	24.15	18831	224	50	0
1	24.2	41451	223	50	0
2	24.2	18831	224	50	0
1	24.25	41517	224	51	0
2	24.25	18831	224	50	0
1	24.3	41517	224	51	0
2	24.3	18916	225	53	0
1	24.35	41588	225	53	0
2	24.35	18916	225	53	0
1	24.4	41588	225	53	0
2	24.4	19001	226	50	0
1	24.45	41588	225	53	0
2	24.45	19001	226	50	0
1	24.5	41654	226	50	0
2	24.5	19001	226	50	0
1	24.55	41654	226	50	0
2	24.55	19086	227	50	0
1	24.6	41720	227	51	0
2	24.6	19086	227	50	0
1	24.65	41720	227	51	0
2	24.65	19171	228	51	0
1	24.7	41720	227	51	0
2	24.7	19171	228	51	0
1	24.75	41786	228	53	0
2	24.75	19171	228	51	0
1	24.8	41786	228	53	0
2	24.8	19256	229	51	0
1	24.85	41786	228	53	0
2	24.85	19256	229	51	0
1	24.9	41852	229	54	0
2	24.9	19256	229	51	0
1	24.95	41852	229	54	0
2	24.95	19341	230	54	0
1	25	41918	230	54	0
2	25	19341	230	54	0
1	25.05	41918	230	54	0
2	25.05	19426	231	54	0
1	25.1	41918	230	54	0
2	25.1	19426	231	54	0
1	25.15	41984	231	53	0
2	25.15	19426	231	54	0
1	25.2	41984	231	53	0
2	25.2	19511	232	52	0
1	25.25	41984	231	53	0
2	25.25	19511	232	52	0
1	25.3	42050	232	52	0
2	25.3	19511	232	52	0
1	25.35	42050	232	52	0
2	25.35	19596	233	53	0
1	25.4	42116	233	50	0
2	25.4	19596	233	53	0
1	25.45	42116	233	50	0
2	25.45	19681	234	50	0
1	25.5	42116	233	50	0
2	25.5	19681	234	50	0
1	25.55	42182	234	53	0
2	25.55	19681	234	50	0
1	25.6	42182	234	53	0
2	25.6	19766	235	51	0
1	25.65	42248	235	51	0
2	25.65	19766	235	51	0
1	25.7	42248	235	51	0
2	25.7	19851	236	54	0
1	25.75	42248	235	51	0
2	25.75	19851	236	54	0
1	25.8	42319	236	54	0
2	25.8	19851	236	54	0
1	25.85	42319	236	54	0
2	25.85	19936	237	54	0
1	25.9	42385	237	51	0
2	25.9	19936	237	54	0
1	25.95	42385	237	51	0
2	25.95	20021	238	51	0
1	26	42385	237	51	0
2	26	20021	238	51	0
1	26.05	42451	238	50	0
2	26.05	20021	238	51	0
1	26.1	42451	238	50	0
2	26.1	20106	239	50	0
1	26.15	42517	239	50	0
2	26.15	20106	239	50	0
1	26.2	42517	239	50	0
2	26.2	20106	239	50	0
1	26.25	42517	239	50	0
2	26.25	20191	240	51	0
1	26.3	42583	240	54	0
2	26.3	20191	240	51	0
1	26.35	42583	240	54	0
2	26.35	20276	241	54	0
1	26.4	42583	240	54	0
2	26.4	20276	241	54	0
1	26.45	42649	241	51	0
2	26.45	20276	241	54	0
1	26.5	42649	241	51	0
2	26.5	20361	242	52	0
1	26.55	42715	242	52	0
2	26.55	20361	242	52	0
1	26.6	42715	242	52	0
2	26.6	20446	243	53	0
1	26.65	42715	242	52	0
2	26.65	20446	243	53	0
1	26.7	42781	243	51	0
2	26.7	20446	243	53	0
1	26.75	42781	243	51	0
2	26.75	20531	244	51	0
1	26.8	42847	244	52	0
2	26.8	20531	244	51	0
1	26.85	42847	244	52	0
2	26.85	20616	245	52	0
1	26.9	42847	244	52	0
2	26.9	20616	245	52	0
1	26.95	42913	245	52	0
2	26.95	20616	245	52	0
1	27	42913	245	52	0
2	27	20701	246	53	0
1	27.05	42913	245	52	0
2	27.05	20701	246	53	0
1	27.1	42979	246	53	0
2	27.1	20701	246	53	0
1	27.15	42979	246	53	0
2	27.15	20786	247	53	0
1	27.2	43050	247	51	0
2	27.2	20786	247	53	0
1	27.25	43050	247	51	0
2	27.25	20871	248	51	0
1	27.3	43050	247	51	0
2	27.3	20871	248	51	0
1	27.35	43116	248	52	0
2	27.35	20871	248	51	0
1	27.4	43116	248	52	0
2	27.4	20956	249	52	0
1	27.45	43182	249	52	0
2	27.45	20956	249	52	0
1	27.5	43182	249	52	0
2	27.5	21041	250	53	0
1	27.55	43182	249	52	0
2	27.55	21041	250	53	0
1	27.6	43248	250	54	0
2	27.6	21041	250	53	0
1	27.65	43248	250	54	0
2	27.65	21126	251	54	0
1	27.7	43248	250	54	0
2	27.7	21126	251	54	0
1	27.75	43314	251	51	0
2	27.75	21126	251	54	0
1	27.8	43314	251	51	0
2	27.8	21211	252	52	0
1	27.85	43380	252	52	0
2	27.85	21211	252	52	0
1	27.9	43380	252	52	0
2	27.9	21296	253	52	0
1	27.95	43380	252	52	0
2	27.95	21296	253	52	0
1	28	43446	253	52	0
2	28	21296	253	52	0
1	28.05	43446	253	52	0
2	28.05	21381	254	52	0
1	28.1	43512	254	52	0
2	28.1	21381	254	52	0
1	28.15	43512	254	52	0
2	28.15	21466	255	52	0
1	28.2	43512	254	52	0
2	28.2	21466	255	52	0
1	28.25	43578	255	53	0
2	28.25	21466	255	52	0
1	28.3	43578	255	53	0
2	28.3	21552	256	50	0
1	28.35	43645	256	50	0
2	28.35	21552	256	50	0
1	28.4	43645	256	50	0
2	28.4	21552	256	50	0
1	28.45	43645	256	50	0
2	28.45	21638	257	53	0
1	28.5	43712	257	51	0
2	28.5	21638	257	53	0
1	28.55	43712	257	51	0
2	28.55	21724	258	51	0
1	28.6	43712	257	51	0
2	28.6	21724	258	51	0
1	28.65	43784	258	52	0
2	28.65	21724	258	51	0
1	28.7	43784	258	52	0
2	28.7	21810	259	52	0
1	28.75	43851	259	52	0
2	28.75	21810	259	52	0
1	28.8	43851	259	52	0
2	28.8	21896	260	54	0
1	28.85	43851	259	52	0
2	28.85	21896	260	54	0
1	28.9	43918	260	50	0
2	28.9	21896	260	54	0
1	28.95	43918	260	50	0
2	28.95	21982	261	50	0
1	29	43985	261	54	0
2	29	21982	261	50	0
1	29.05	43985	261	54	0
2	29.05	22068	262	54	0
1	29.1	43985	261	54	0
2	29.1	22068	262	54	0
1	29.15	44052	262	53	0
2	29.15	22068	262	54	0
1	29.2	44052	262	53	0
2	29.2	22154	263	53	0
1	29.25	44052	262	53	0
2	29.25	22154	263	53	0
1	29.3	44119	263	52	0
2	29.3	22154	263	53	0
1	29.35	44119	263	52	0
2	29.35	22240	264	52	0
1	29.4	44186	264	51	0
2	29.4	22240	264	52	0
1	29.45	44186	264	51	0
2	29.45	22326	265	51	0
1	29.5	44186	264	51	0
2	29.5	22326	265	51	0
1	29.55	44253	265	54	0
2	29.55	22326	265	51	0
1	29.6	44253	265	54	0
2	29.6	22412	266	52	0
1	29.65	44320	266	52	0
2	29.65	22412	266	52	0
1	29.7	44320	266	52	0
2	29.7	22498	267	52	0
1	29.75	44320	266	52	0
2	29.75	22498	267	52	0
1	29.8	44387	267	54	0
2	29.8	22498	267	52	0
1	29.85	44387	267	54	0
2	29.85	22584	268	54	0
1	29.9	44387	267	54	0
2	29.9	22584	268	54	0
1	29.95	44454	268	52	0
2	29.95	22584	268	54	0
