1	1.05	0	0	0	-nan
1	1.1	1260	1	53	-nan
2	1.1	0	0	0	-nan
1	1.15	1260	1	53	-nan
2	1.15	129	2	51	0
1	1.2	9838	7	52	0
2	1.2	129	2	51	0
1	1.25	9838	7	52	0
2	1.25	350	6	50	0
1	1.3	23542	17	52	0
2	1.3	408	7	50	0
1	1.35	25114	19	52	0
2	1.35	1321	18	50	0
1	1.4	25283	22	50	0
2	1.4	1491	20	50	0
1	1.45	25404	24	50	0
2	1.45	1746	23	50	0
1	1.5	25463	25	54	0
2	1.5	1916	25	54	0
1	1.55	27050	27	54	0
2	1.55	1916	25	54	0
1	1.6	27112	28	52	0
2	1.6	2171	28	52	0
1	1.65	27176	29	52	0
2	1.65	2256	29	52	0
1	1.7	28760	31	53	0
2	1.7	2341	30	53	0
1	1.75	28824	32	53	0
2	1.75	2511	32	53	0
1	1.8	28952	34	51	0
2	1.8	2596	33	51	0
1	1.85	29016	35	51	0
2	1.85	2766	35	51	0
1	1.9	29080	36	52	0
2	1.9	2851	36	52	0
1	1.95	29144	37	52	0
2	1.95	2936	37	52	0
1	2	29213	38	53	0
2	2	3021	38	53	0
1	2.05	29341	40	53	0
2	2.05	3106	39	53	0
1	2.1	29405	41	52	0
2	2.1	3276	41	52	0
1	2.15	29469	42	52	0
2	2.15	3361	42	52	0
1	2.2	29533	43	52	0
2	2.2	3446	43	52	0
1	2.25	29597	44	52	0
2	2.25	3531	44	52	0
1	2.3	29661	45	54	0
2	2.3	3616	45	54	0
1	2.35	29725	46	54	0
2	2.35	3701	46	54	0
1	2.4	29789	47	54	0
2	2.4	3786	47	53	0
1	2.45	29922	49	53	0
2	2.45	3871	48	53	0
1	2.5	29986	50	53	0
2	2.5	4041	50	53	0
1	2.55	30050	51	53	0
2	2.55	4126	51	53	0
1	2.6	30114	52	50	0
2	2.6	4211	52	50	0
1	2.65	30178	53	50	0
2	2.65	4296	53	50	0
1	2.7	30240	54	52	0
2	2.7	4381	54	52	0
1	2.75	30304	55	52	0
2	2.75	4466	55	52	0
1	2.8	30368	56	54	0
2	2.8	4551	56	54	0
1	2.85	30368	56	54	0
2	2.85	4551	56	54	0
1	2.9	30432	57	52	0
2	2.9	4636	57	54	0
1	2.95	30496	58	52	0
2	2.95	4721	58	52	0
1	3	30496	58	52	0
2	3	4806	59	53	0
1	3.05	30560	59	53	0
2	3.05	4806	59	53	0
1	3.1	30629	60	54	0
2	3.1	4891	60	54	0
1	3.15	30693	61	54	0
2	3.15	4976	61	54	0
1	3.2	30757	62	54	0
2	3.2	5061	62	54	0
1	3.25	30757	62	54	0
2	3.25	5146	63	54	0
1	3.3	30821	63	50	0
2	3.3	5146	63	54	0
1	3.35	30885	64	50	0
2	3.35	5231	64	50	0
1	3.4	30951	65	53	0
2	3.4	5316	65	53	0
1	3.45	30951	65	53	0
2	3.45	5401	66	53	0
1	3.5	31017	66	50	0
2	3.5	5401	66	53	0
1	3.55	31083	67	50	0
2	3.55	5486	67	50	0
1	3.6	31149	68	52	0
2	3.6	5571	68	52	0
1	3.65	31215	69	52	0
2	3.65	5656	69	52	0
1	3.7	31215	69	52	0
2	3.7	5656	69	52	0
1	3.75	31281	70	50	0
2	3.75	5741	70	50	0
1	3.8	31352	71	50	0
2	3.8	5826	71	50	0
1	3.85	31418	72	50	0
2	3.85	5911	72	50	0
1	3.9	31418	72	50	0
2	3.9	5996	73	54	0
1	3.95	31484	73	54	0
2	3.95	5996	73	54	0
1	4	31550	74	51	0
2	4	6081	74	51	0
1	4.05	31616	75	51	0
2	4.05	6166	75	51	0
1	4.1	31682	76	54	0
2	4.1	6251	76	54	0
1	4.15	31682	76	54	0
2	4.15	6336	77	54	0
1	4.2	31748	77	54	0
2	4.2	6336	77	54	0
1	4.25	31814	78	54	0
2	4.25	6421	78	54	0
1	4.3	31880	79	50	0
2	4.3	6506	79	50	0
1	4.35	31880	79	50	0
2	4.35	6591	80	50	0
1	4.4	31946	80	52	0
2	4.4	6591	80	50	0
1	4.45	32012	81	52	0
2	4.45	6676	81	52	0
1	4.5	32083	82	53	0
2	4.5	6761	82	53	0
1	4.55	32083	82	53	0
2	4.55	6846	83	53	0
1	4.6	32149	83	53	0
2	4.6	6846	83	53	0
1	4.65	32215	84	52	0
2	4.65	6931	84	52	0
1	4.7	32281	85	50	0
2	4.7	7016	85	50	0
1	4.75	32347	86	50	0
2	4.75	7101	86	50	0
1	4.8	32347	86	50	0
2	4.8	7186	87	53	0
1	4.85	32413	87	53	0
2	4.85	7186	87	53	0
1	4.9	32479	88	52	0
2	4.9	7271	88	52	0
1	4.95	32545	89	52	0
2	4.95	7356	89	52	0
1	5	32611	90	52	0
2	5	7441	90	52	0
1	5.05	32611	90	52	0
2	5.05	7441	90	52	0
1	5.1	32677	91	50	0
2	5.1	7526	91	52	0
1	5.15	32743	92	50	0
2	5.15	7611	92	50	0
1	5.2	32814	93	51	0
2	5.2	7696	93	51	0
1	5.25	32814	93	51	0
2	5.25	7781	94	51	0
1	5.3	32880	94	51	0
2	5.3	7781	94	51	0
1	5.35	32946	95	51	0
2	5.35	7866	95	51	0
1	5.4	33012	96	54	0
2	5.4	7951	96	54	0
1	5.45	33012	96	54	0
2	5.45	8036	97	54	0
1	5.5	33078	97	54	0
2	5.5	8036	97	54	0
1	5.55	33144	98	52	0
2	5.55	8121	98	52	0
1	5.6	33210	99	54	0
2	5.6	8206	99	54	0
1	5.65	33276	100	54	0
2	5.65	8291	100	54	0
1	5.7	33276	100	54	0
2	5.7	8291	100	54	0
1	5.75	33342	101	54	0
2	5.75	8376	101	54	0
1	5.8	33408	102	53	0
2	5.8	8461	102	53	0
1	5.85	33474	103	53	0
2	5.85	8546	103	53	0
1	5.9	33474	103	53	0
2	5.9	8631	104	51	0
1	5.95	33545	104	51	0
2	5.95	8631	104	51	0
1	6	33611	105	54	0
2	6	8716	105	54	0
1	6.05	33677	106	54	0
2	6.05	8801	106	54	0
1	6.1	33677	106	54	0
2	6.1	8886	107	51	0
1	6.15	33743	107	51	0
2	6.15	8886	107	51	0
1	6.2	33809	108	53	0
2	6.2	8971	108	53	0
1	6.25	33875	109	53	0
2	6.25	9056	109	53	0
1	6.3	33875	109	53	0
2	6.3	9141	110	54	0
1	6.35	33941	110	54	0
2	6.35	9141	110	54	0
1	6.4	34007	111	50	0
2	6.4	9226	111	50	0
1	6.45	34073	112	50	0
2	6.45	9311	112	50	0
1	6.5	34139	113	52	0
2	6.5	9396	113	52	0
1	6.55	34139	113	52	0
2	6.55	9481	114	52	0
1	6.6	34205	114	52	0
2	6.6	9481	114	52	0
1	6.65	34276	115	52	0
2	6.65	9566	115	52	0
1	6.7	34342	116	52	0
2	6.7	9651	116	52	0
1	6.75	34342	116	52	0
2	6.75	9736	117	52	0
1	6.8	34408	117	51	0
2	6.8	9736	117	52	0
1	6.85	34474	118	51	0
2	6.85	9821	118	51	0
1	6.9	34540	119	50	0
2	6.9	9906	119	50	0
1	6.95	34606	120	50	0
2	6.95	9991	120	50	0
1	7	34606	120	50	0
2	7	10076	121	51	0
1	7.05	34672	121	51	0
2	7.05	10076	121	51	0
1	7.1	34738	122	51	0
2	7.1	10161	122	51	0
1	7.15	34804	123	51	0
2	7.15	10246	123	51	0
1	7.2	34870	124	51	0
2	7.2	10331	124	51	0
1	7.25	34870	124	51	0
2	7.25	10416	125	51	0
1	7.3	34936	125	54	0
2	7.3	10416	125	51	0
1	7.35	35007	126	54	0
2	7.35	10501	126	54	0
1	7.4	35073	127	52	0
2	7.4	10586	127	52	0
1	7.45	35073	127	52	0
2	7.45	10671	128	52	0
1	7.5	35139	128	51	0
2	7.5	10671	128	52	0
1	7.55	35205	129	51	0
2	7.55	10756	129	51	0
1	7.6	35271	130	52	0
2	7.6	10841	130	52	0
1	7.65	35271	130	52	0
2	7.65	10926	131	52	0
1	7.7	35337	131	52	0
2	7.7	10926	131	52	0
1	7.75	35403	132	50	0
2	7.75	11011	132	50	0
1	7.8	35469	133	50	0
2	7.8	11096	133	50	0
1	7.85	35535	134	50	0
2	7.85	11181	134	50	0
1	7.9	35535	134	50	0
2	7.9	11266	135	52	0
1	7.95	35601	135	52	0
2	7.95	11266	135	52	0
1	8	35667	136	53	0
2	8	11351	136	53	0
1	8.05	35738	137	53	0
2	8.05	11436	137	53	0
1	8.1	35804	138	51	0
2	8.1	11521	138	51	0
1	8.15	35804	138	51	0
2	8.15	11606	139	51	0
1	8.2	35870	139	51	0
2	8.2	11606	139	51	0
1	8.25	35936	140	51	0
2	8.25	11691	140	51	0
1	8.3	36002	141	51	0
2	8.3	11776	141	51	0
1	8.35	36068	142	51	0
2	8.35	11861	142	51	0
1	8.4	36068	142	51	0
2	8.4	11861	142	51	0
1	8.45	36134	143	54	0
2	8.45	11946	143	54	0
1	8.5	36200	144	54	0
2	8.5	12031	144	54	0
1	8.55	36200	144	54	0
2	8.55	12116	145	54	0
1	8.6	36266	145	54	0
2	8.6	12116	145	54	0
1	8.65	36332	146	54	0
2	8.65	12201	146	54	0
1	8.7	36398	147	54	0
2	8.7	12286	147	54	0
1	8.75	36469	148	54	0
2	8.75	12371	148	54	0
1	8.8	36469	148	54	0
2	8.8	12371	148	54	0
1	8.85	36535	149	53	0
2	8.85	12456	149	53	0
1	8.9	36601	150	53	0
2	8.9	12541	150	53	0
1	8.95	36601	150	53	0
2	8.95	12626	151	53	0
1	9	36667	151	53	0
2	9	12626	151	53	0
1	9.05	36733	152	52	0
2	9.05	12711	152	52	0
1	9.1	36799	153	52	0
2	9.1	12796	153	52	0
1	9.15	36865	154	52	0
2	9.15	12881	154	52	0
1	9.2	36865	154	52	0
2	9.2	12966	155	54	0
1	9.25	36931	155	54	0
2	9.25	12966	155	54	0
1	9.3	36997	156	52	0
2	9.3	13051	156	52	0
1	9.35	37063	157	52	0
2	9.35	13136	157	52	0
1	9.4	37063	157	52	0
2	9.4	13221	158	53	0
1	9.45	37129	158	53	0
2	9.45	13221	158	53	0
1	9.5	37200	159	52	0
2	9.5	13306	159	52	0
1	9.55	37266	160	52	0
2	9.55	13391	160	52	0
1	9.6	37266	160	52	0
2	9.6	13476	161	53	0
1	9.65	37332	161	53	0
2	9.65	13476	161	53	0
1	9.7	37398	162	53	0
2	9.7	13561	162	53	0
1	9.75	37464	163	53	0
2	9.75	13646	163	53	0
1	9.8	37530	164	53	0
2	9.8	13731	164	53	0
1	9.85	37530	164	53	0
2	9.85	13816	165	53	0
1	9.9	37596	165	52	0
2	9.9	13816	165	53	0
1	9.95	37662	166	52	0
2	9.95	13901	166	52	0
1	10	37728	167	53	0
2	10	13986	167	53	0
1	10.05	37728	167	53	0
2	10.05	14071	168	53	0
1	10.1	37794	168	52	0
2	10.1	14071	168	53	0
1	10.15	37860	169	52	0
2	10.15	14156	169	52	0
1	10.2	37931	170	54	0
2	10.2	14241	170	54	0
1	10.25	37931	170	54	0
2	10.25	14326	171	54	0
1	10.3	37997	171	50	0
2	10.3	14326	171	54	0
1	10.35	38063	172	50	0
2	10.35	14411	172	50	0
1	10.4	38129	173	51	0
2	10.4	14496	173	51	0
1	10.45	38195	174	51	0
2	10.45	14581	174	51	0
1	10.5	38195	174	51	0
2	10.5	14666	175	54	0
1	10.55	38261	175	54	0
2	10.55	14666	175	54	0
1	10.6	38327	176	54	0
2	10.6	14751	176	54	0
1	10.65	38393	177	54	0
2	10.65	14836	177	54	0
1	10.7	38393	177	54	0
2	10.7	14921	178	51	0
1	10.75	38459	178	51	0
2	10.75	14921	178	51	0
1	10.8	38525	179	54	0
2	10.8	15006	179	54	0
1	10.85	38591	180	54	0
2	10.85	15091	180	54	0
1	10.9	38591	180	54	0
2	10.9	15176	181	54	0
1	10.95	38662	181	54	0
2	10.95	15176	181	54	0
1	11	38728	182	52	0
2	11	15261	182	52	0
1	11.05	38794	183	52	0
2	11.05	15346	183	52	0
1	11.1	38860	184	50	0
2	11.1	15431	184	50	0
1	11.15	38860	184	50	0
2	11.15	15516	185	50	0
1	11.2	38926	185	51	0
2	11.2	15516	185	50	0
1	11.25	38992	186	51	0
2	11.25	15601	186	51	0
1	11.3	39058	187	54	0
2	11.3	15686	187	54	0
1	11.35	39058	187	54	0
2	11.35	15771	188	54	0
1	11.4	39124	188	52	0
2	11.4	15771	188	54	0
1	11.45	39190	189	52	0
2	11.45	15856	189	52	0
1	11.5	39256	190	53	0
2	11.5	15941	190	53	0
1	11.55	39256	190	53	0
2	11.55	16026	191	53	0
1	11.6	39322	191	51	0
2	11.6	16026	191	53	0
1	11.65	39393	192	51	0
2	11.65	16111	192	51	0
1	11.7	39459	193	51	0
2	11.7	16196	193	51	0
1	11.75	39525	194	51	0
2	11.75	16281	194	51	0
1	11.8	39525	194	51	0
2	11.8	16366	195	52	0
1	11.85	39591	195	52	0
2	11.85	16366	195	52	0
1	11.9	39657	196	52	0
2	11.9	16451	196	52	0
1	11.95	39723	197	52	0
2	11.95	16536	197	52	0
1	12	39789	198	52	0
2	12	16621	198	52	0
1	12.05	39789	198	52	0
2	12.05	16621	198	52	0
1	12.1	39855	199	50	0
2	12.1	16706	199	52	0
1	12.15	39921	200	50	0
2	12.15	16791	200	50	0
1	12.2	39987	201	51	0
2	12.2	16876	201	51	0
1	12.25	39987	201	51	0
2	12.25	16961	202	51	0
1	12.3	40053	202	53	0
2	12.3	16961	202	51	0
1	12.35	40124	203	53	0
2	12.35	17046	203	53	0
1	12.4	40190	204	52	0
2	12.4	17131	204	52	0
1	12.45	40256	205	52	0
2	12.45	17216	205	52	0
1	12.5	40256	205	52	0
2	12.5	17216	205	52	0
1	12.55	40322	206	53	0
2	12.55	17301	206	53	0
1	12.6	40388	207	53	0
2	12.6	17386	207	53	0
1	12.65	40454	208	53	0
2	12.65	17471	208	53	0
1	12.7	40454	208	53	0
2	12.7	17556	209	50	0
1	12.75	40520	209	50	0
2	12.75	17556	209	50	0
1	12.8	40586	210	50	0
2	12.8	17641	210	50	0
1	12.85	40652	211	50	0
2	12.85	17726	211	50	0
1	12.9	40718	212	52	0
2	12.9	17811	212	52	0
1	12.95	40718	212	52	0
2	12.95	17811	212	52	0
1	13	40784	213	52	0
2	13	17896	213	52	0
1	13.05	40855	214	52	0
2	13.05	17981	214	52	0
1	13.1	40921	215	51	0
2	13.1	18066	215	51	0
1	13.15	40921	215	51	0
2	13.15	18151	216	51	0
1	13.2	40987	216	53	0
2	13.2	18151	216	51	0
1	13.25	41053	217	53	0
2	13.25	18236	217	53	0
1	13.3	41119	218	52	0
2	13.3	18321	218	52	0
1	13.35	41185	219	52	0
2	13.35	18406	219	52	0
1	13.4	41185	219	52	0
2	13.4	18491	220	50	0
1	13.45	41251	220	50	0
2	13.45	18491	220	50	0
1	13.5	41317	221	54	0
2	13.5	18576	221	54	0
1	13.55	41383	222	54	0
2	13.55	18661	222	54	0
1	13.6	41383	222	54	0
2	13.6	18661	222	54	0
1	13.65	41449	223	52	0
2	13.65	18746	223	52	0
1	13.7	41515	224	50	0
2	13.7	18831	224	50	0
1	13.75	41586	225	50	0
2	13.75	18916	225	50	0
1	13.8	41586	225	50	0
2	13.8	19001	226	50	0
1	13.85	41652	226	50	0
2	13.85	19001	226	50	0
1	13.9	41718	227	52	0
2	13.9	19086	227	52	0
1	13.95	41784	228	52	0
2	13.95	19171	228	52	0
1	14	41850	229	52	0
2	14	19256	229	52	0
1	14.05	41850	229	52	0
2	14.05	19341	230	52	0
1	14.1	41916	230	54	0
2	14.1	19341	230	52	0
1	14.15	41982	231	54	0
2	14.15	19426	231	54	0
1	14.2	42048	232	51	0
2	14.2	19511	232	51	0
1	14.25	42114	233	51	0
2	14.25	19596	233	51	0
1	14.3	42114	233	51	0
2	14.3	19596	233	51	0
1	14.35	42180	234	50	0
2	14.35	19681	234	50	0
1	14.4	42246	235	52	0
2	14.4	19766	235	52	0
1	14.45	42317	236	52	0
2	14.45	19851	236	52	0
1	14.5	42317	236	52	0
2	14.5	19851	236	52	0
1	14.55	42383	237	54	0
2	14.55	19936	237	54	0
1	14.6	42449	238	53	0
2	14.6	20021	238	53	0
1	14.65	42515	239	53	0
2	14.65	20106	239	53	0
1	14.7	42515	239	53	0
2	14.7	20191	240	53	0
1	14.75	42581	240	53	0
2	14.75	20191	240	53	0
1	14.8	42647	241	54	0
2	14.8	20276	241	54	0
1	14.85	42713	242	54	0
2	14.85	20361	242	54	0
1	14.9	42713	242	54	0
2	14.9	20446	243	54	0
1	14.95	42779	243	54	0
2	14.95	20446	243	54	0
1	15	42845	244	54	0
2	15	20531	244	54	0
1	15.05	42911	245	54	0
2	15.05	20616	245	54	0
1	15.1	42911	245	54	0
2	15.1	20701	246	50	0
1	15.15	42977	246	50	0
2	15.15	20701	246	50	0
1	15.2	43048	247	50	0
2	15.2	20786	247	50	0
1	15.25	43114	248	50	0
2	15.25	20871	248	50	0
1	15.3	43180	249	51	0
2	15.3	20956	249	51	0
1	15.35	43180	249	51	0
2	15.35	21041	250	51	0
1	15.4	43246	250	54	0
2	15.4	21041	250	51	0
1	15.45	43312	251	54	0
2	15.45	21126	251	54	0
1	15.5	43378	252	54	0
2	15.5	21211	252	54	0
1	15.55	43378	252	54	0
2	15.55	21296	253	54	0
1	15.6	43444	253	54	0
2	15.6	21296	253	54	0
1	15.65	43510	254	52	0
2	15.65	21381	254	52	0
1	15.7	43576	255	50	0
2	15.7	21466	255	50	0
1	15.75	43576	255	50	0
2	15.75	21552	256	50	0
1	15.8	43643	256	51	0
2	15.8	21552	256	50	0
1	15.85	43710	257	51	0
2	15.85	21638	257	51	0
1	15.9	43782	258	54	0
2	15.9	21724	258	54	0
1	15.95	43849	259	54	0
2	15.95	21810	259	54	0
1	16	43849	259	54	0
2	16	21896	260	54	0
1	16.05	43916	260	54	0
2	16.05	21896	260	54	0
1	16.1	43983	261	54	0
2	16.1	21982	261	54	0
1	16.15	43983	261	54	0
2	16.15	22068	262	54	0
1	16.2	44050	262	54	0
2	16.2	22068	262	54	0
1	16.25	44117	263	50	0
2	16.25	22154	263	50	0
1	16.3	44184	264	53	0
2	16.3	22240	264	53	0
1	16.35	44251	265	53	0
2	16.35	22326	265	53	0
1	16.4	44251	265	53	0
2	16.4	22412	266	52	0
1	16.45	44318	266	52	0
2	16.45	22412	266	52	0
1	16.5	44385	267	54	0
2	16.5	22498	267	54	0
1	16.55	44452	268	54	0
2	16.55	22584	268	54	0
1	16.6	44524	269	52	0
2	16.6	22670	269	52	0
1	16.65	44524	269	52	0
2	16.65	22756	270	52	0
1	16.7	44591	270	51	0
2	16.7	22756	270	52	0
1	16.75	44658	271	51	0
2	16.75	22842	271	51	0
1	16.8	44725	272	51	0
2	16.8	22928	272	51	0
1	16.85	44725	272	51	0
2	16.85	23014	273	51	0
1	16.9	44792	273	53	0
2	16.9	23014	273	51	0
1	16.95	44859	274	53	0
2	16.95	23100	274	53	0
1	17	44926	275	53	0
2	17	23186	275	53	0
1	17.05	44926	275	53	0
2	17.05	23272	276	53	0
1	17.1	44993	276	53	0
2	17.1	23272	276	53	0
1	17.15	45060	277	53	0
2	17.15	23358	277	53	0
1	17.2	45127	278	52	0
2	17.2	23444	278	52	0
1	17.25	45194	279	52	0
2	17.25	23530	279	52	0
1	17.3	45194	279	52	0
2	17.3	23616	280	52	0
1	17.35	45266	280	52	0
2	17.35	23616	280	52	0
1	17.4	45333	281	54	0
2	17.4	23702	281	54	0
1	17.45	45333	281	54	0
2	17.45	23788	282	54	0
1	17.5	45400	282	54	0
2	17.5	23788	282	54	0
1	17.55	45467	283	52	0
2	17.55	23874	283	52	0
1	17.6	45534	284	53	0
2	17.6	23960	284	53	0
1	17.65	45601	285	53	0
2	17.65	24046	285	53	0
1	17.7	45601	285	53	0
2	17.7	24132	286	53	0
1	17.75	45668	286	53	0
2	17.75	24132	286	53	0
1	17.8	45735	287	52	0
2	17.8	24218	287	52	0
1	17.85	45802	288	52	0
2	17.85	24304	288	52	0
1	17.9	45869	289	51	0
2	17.9	24390	289	51	0
1	17.95	45869	289	51	0
2	17.95	24476	290	51	0
1	18	45936	290	50	0
2	18	24476	290	51	0
1	18.05	46008	291	50	0
2	18.05	24562	291	50	0
1	18.1	46075	292	52	0
2	18.1	24648	292	52	0
1	18.15	46075	292	52	0
2	18.15	24734	293	52	0
1	18.2	46142	293	54	0
2	18.2	24734	293	52	0
1	18.25	46209	294	54	0
2	18.25	24820	294	54	0
1	18.3	46276	295	50	0
2	18.3	24906	295	50	0
1	18.35	46276	295	50	0
2	18.35	24992	296	50	0
1	18.4	46343	296	54	0
2	18.4	24992	296	50	0
1	18.45	46410	297	54	0
2	18.45	25078	297	54	0
1	18.5	46477	298	53	0
2	18.5	25164	298	53	0
1	18.55	46544	299	53	0
2	18.55	25250	299	53	0
1	18.6	46544	299	53	0
2	18.6	25336	300	50	0
1	18.65	46611	300	50	0
2	18.65	25336	300	50	0
1	18.7	46678	301	54	0
2	18.7	25422	301	54	0
1	18.75	46750	302	54	0
2	18.75	25508	302	54	0
1	18.8	46750	302	54	0
2	18.8	25508	302	54	0
1	18.85	46817	303	51	0
2	18.85	25594	303	51	0
1	18.9	46884	304	52	0
2	18.9	25680	304	52	0
1	18.95	46951	305	52	0
2	18.95	25766	305	52	0
1	19	46951	305	52	0
2	19	25852	306	51	0
1	19.05	47018	306	51	0
2	19.05	25852	306	51	0
1	19.1	47085	307	50	0
2	19.1	25938	307	50	0
1	19.15	47152	308	50	0
2	19.15	26024	308	50	0
1	19.2	47219	309	52	0
2	19.2	26110	309	52	0
1	19.25	47219	309	52	0
2	19.25	26196	310	52	0
1	19.3	47286	310	53	0
2	19.3	26196	310	52	0
1	19.35	47353	311	53	0
2	19.35	26282	311	53	0
1	19.4	47420	312	52	0
2	19.4	26368	312	52	0
1	19.45	47492	313	52	0
2	19.45	26454	313	52	0
1	19.5	47492	313	52	0
2	19.5	26540	314	51	0
1	19.55	47559	314	51	0
2	19.55	26540	314	51	0
1	19.6	47626	315	50	0
2	19.6	26626	315	50	0
1	19.65	47693	316	50	0
2	19.65	26712	316	50	0
1	19.7	47693	316	50	0
2	19.7	26798	317	54	0
1	19.75	47760	317	54	0
2	19.75	26798	317	54	0
1	19.8	47827	318	53	0
2	19.8	26884	318	53	0
1	19.85	47894	319	53	0
2	19.85	26970	319	53	0
1	19.9	47894	319	53	0
2	19.9	27056	320	50	0
1	19.95	47961	320	50	0
2	19.95	27056	320	50	0
1	20	48028	321	51	0
2	20	27142	321	51	0
1	20.05	48095	322	51	0
2	20.05	27228	322	51	0
1	20.1	48162	323	53	0
2	20.1	27314	323	53	0
1	20.15	48162	323	53	0
2	20.15	27400	324	53	0
1	20.2	48234	324	50	0
2	20.2	27400	324	53	0
1	20.25	48301	325	50	0
2	20.25	27486	325	50	0
1	20.3	48368	326	54	0
2	20.3	27572	326	54	0
1	20.35	48368	326	54	0
2	20.35	27658	327	54	0
1	20.4	48435	327	54	0
2	20.4	27658	327	54	0
1	20.45	48502	328	53	0
2	20.45	27744	328	53	0
1	20.5	48569	329	52	0
2	20.5	27830	329	52	0
1	20.55	48569	329	52	0
2	20.55	27916	330	52	0
1	20.6	48636	330	52	0
2	20.6	27916	330	52	0
1	20.65	48703	331	53	0
2	20.65	28002	331	53	0
1	20.7	48770	332	54	0
2	20.7	28088	332	54	0
1	20.75	48837	333	54	0
2	20.75	28174	333	54	0
1	20.8	48837	333	54	0
2	20.8	28260	334	51	0
1	20.85	48904	334	51	0
2	20.85	28260	334	51	0
1	20.9	48976	335	54	0
2	20.9	28346	335	54	0
1	20.95	49043	336	54	0
2	20.95	28432	336	54	0
1	21	49043	336	54	0
2	21	28432	336	54	0
1	21.05	49110	337	53	0
2	21.05	28518	337	53	0
1	21.1	49177	338	50	0
2	21.1	28604	338	50	0
1	21.15	49244	339	50	0
2	21.15	28690	339	50	0
1	21.2	49244	339	50	0
2	21.2	28776	340	51	0
1	21.25	49311	340	51	0
2	21.25	28776	340	51	0
1	21.3	49378	341	52	0
2	21.3	28862	341	52	0
1	21.35	49445	342	52	0
2	21.35	28948	342	52	0
1	21.4	49512	343	50	0
2	21.4	29034	343	50	0
1	21.45	49512	343	50	0
2	21.45	29120	344	50	0
1	21.5	49579	344	54	0
2	21.5	29120	344	50	0
1	21.55	49646	345	54	0
2	21.55	29206	345	54	0
1	21.6	49718	346	52	0
2	21.6	29292	346	52	0
1	21.65	49785	347	52	0
2	21.65	29378	347	52	0
1	21.7	49785	347	52	0
2	21.7	29464	348	50	0
1	21.75	49852	348	50	0
2	21.75	29464	348	50	0
1	21.8	49919	349	50	0
2	21.8	29550	349	50	0
1	21.85	49986	350	50	0
2	21.85	29636	350	50	0
1	21.9	49986	350	50	0
2	21.9	29722	351	54	0
1	21.95	50053	351	54	0
2	21.95	29722	351	54	0
1	22	50120	352	52	0
2	22	29808	352	52	0
1	22.05	50187	353	52	0
2	22.05	29894	353	52	0
1	22.1	50187	353	52	0
2	22.1	29980	354	53	0
1	22.15	50254	354	53	0
2	22.15	29980	354	53	0
1	22.2	50321	355	52	0
2	22.2	30066	355	52	0
1	22.25	50388	356	52	0
2	22.25	30152	356	52	0
1	22.3	50460	357	53	0
2	22.3	30238	357	53	0
1	22.35	50460	357	53	0
2	22.35	30324	358	53	0
1	22.4	50527	358	53	0
2	22.4	30324	358	53	0
1	22.45	50594	359	53	0
2	22.45	30410	359	53	0
1	22.5	50661	360	50	0
2	22.5	30496	360	50	0
1	22.55	50728	361	50	0
2	22.55	30582	361	50	0
1	22.6	50728	361	50	0
2	22.6	30668	362	51	0
1	22.65	50795	362	51	0
2	22.65	30668	362	51	0
1	22.7	50862	363	50	0
2	22.7	30754	363	50	0
1	22.75	50929	364	50	0
2	22.75	30840	364	50	0
1	22.8	50996	365	50	0
2	22.8	30926	365	50	0
1	22.85	50996	365	50	0
2	22.85	31012	366	50	0
1	22.9	51063	366	52	0
2	22.9	31012	366	50	0
1	22.95	51130	367	52	0
2	22.95	31098	367	52	0
1	23	51130	367	52	0
2	23	31184	368	54	0
1	23.05	51202	368	54	0
2	23.05	31184	368	54	0
1	23.1	51269	369	50	0
2	23.1	31270	369	50	0
1	23.15	51336	370	50	0
2	23.15	31356	370	50	0
1	23.2	51403	371	53	0
2	23.2	31442	371	53	0
1	23.25	51403	371	53	0
2	23.25	31528	372	53	0
1	23.3	51470	372	50	0
2	23.3	31528	372	53	0
1	23.35	51537	373	50	0
2	23.35	31614	373	50	0
1	23.4	51604	374	53	0
2	23.4	31700	374	53	0
1	23.45	51671	375	53	0
2	23.45	31786	375	53	0
1	23.5	51671	375	53	0
2	23.5	31872	376	50	0
1	23.55	51738	376	50	0
2	23.55	31872	376	50	0
1	23.6	51805	377	51	0
2	23.6	31958	377	51	0
1	23.65	51872	378	51	0
2	23.65	32044	378	51	0
1	23.7	51944	379	50	0
2	23.7	32130	379	50	0
1	23.75	51944	379	50	0
2	23.75	32216	380	50	0
1	23.8	52011	380	50	0
2	23.8	32216	380	50	0
1	23.85	52078	381	50	0
2	23.85	32302	381	50	0
1	23.9	52145	382	52	0
2	23.9	32388	382	52	0
1	23.95	52145	382	52	0
2	23.95	32474	383	52	0
1	24	52212	383	52	0
2	24	32474	383	52	0
1	24.05	52279	384	52	0
2	24.05	32560	384	52	0
1	24.1	52346	385	50	0
2	24.1	32646	385	50	0
1	24.15	52413	386	50	0
2	24.15	32732	386	50	0
1	24.2	52413	386	50	0
2	24.2	32732	386	50	0
1	24.25	52480	387	54	0
2	24.25	32818	387	54	0
1	24.3	52547	388	51	0
2	24.3	32904	388	51	0
1	24.35	52614	389	51	0
2	24.35	32990	389	51	0
1	24.4	52614	389	51	0
2	24.4	33076	390	50	0
1	24.45	52686	390	50	0
2	24.45	33076	390	50	0
1	24.5	52753	391	54	0
2	24.5	33162	391	54	0
1	24.55	52820	392	54	0
2	24.55	33248	392	54	0
1	24.6	52887	393	50	0
2	24.6	33334	393	50	0
1	24.65	52887	393	50	0
2	24.65	33420	394	50	0
1	24.7	52954	394	53	0
2	24.7	33420	394	50	0
1	24.75	53021	395	53	0
2	24.75	33506	395	53	0
1	24.8	53088	396	51	0
2	24.8	33592	396	51	0
1	24.85	53155	397	51	0
2	24.85	33678	397	51	0
1	24.9	53155	397	51	0
2	24.9	33764	398	50	0
1	24.95	53222	398	50	0
2	24.95	33764	398	50	0
1	25	53289	399	54	0
2	25	33850	399	54	0
1	25.05	53289	399	54	0
2	25.05	33936	400	54	0
1	25.1	53356	400	52	0
2	25.1	33936	400	54	0
1	25.15	53428	401	52	0
2	25.15	34022	401	52	0
1	25.2	53495	402	50	0
2	25.2	34108	402	50	0
1	25.25	53562	403	50	0
2	25.25	34194	403	50	0
1	25.3	53562	403	50	0
2	25.3	34280	404	52	0
1	25.35	53629	404	52	0
2	25.35	34280	404	52	0
1	25.4	53696	405	54	0
2	25.4	34366	405	54	0
1	25.45	53763	406	54	0
2	25.45	34452	406	54	0
1	25.5	53830	407	53	0
2	25.5	34538	407	53	0
1	25.55	53830	407	53	0
2	25.55	34538	407	53	0
1	25.6	53897	408	54	0
2	25.6	34624	408	53	0
1	25.65	53964	409	54	0
2	25.65	34710	409	54	0
1	25.7	53964	409	54	0
2	25.7	34796	410	50	0
1	25.75	54031	410	50	0
2	25.75	34796	410	50	0
1	25.8	54098	411	54	0
2	25.8	34882	411	54	0
1	25.85	54170	412	54	0
2	25.85	34968	412	54	0
1	25.9	54237	413	51	0
2	25.9	35054	413	51	0
1	25.95	54237	413	51	0
2	25.95	35140	414	51	0
1	26	54304	414	51	0
2	26	35140	414	51	0
1	26.05	54371	415	51	0
2	26.05	35226	415	51	0
1	26.1	54438	416	54	0
2	26.1	35312	416	54	0
1	26.15	54505	417	54	0
2	26.15	35398	417	54	0
1	26.2	54505	417	54	0
2	26.2	35398	417	54	0
1	26.25	54572	418	52	0
2	26.25	35484	418	52	0
1	26.3	54639	419	52	0
2	26.3	35570	419	52	0
1	26.35	54639	419	52	0
2	26.35	35656	420	52	0
1	26.4	54706	420	51	0
2	26.4	35656	420	52	0
1	26.45	54773	421	51	0
2	26.45	35742	421	51	0
1	26.5	54840	422	53	0
2	26.5	35828	422	53	0
1	26.55	54912	423	53	0
2	26.55	35914	423	53	0
1	26.6	54912	423	53	0
2	26.6	36000	424	50	0
1	26.65	54979	424	50	0
2	26.65	36000	424	50	0
1	26.7	55046	425	50	0
2	26.7	36086	425	50	0
1	26.75	55113	426	50	0
2	26.75	36172	426	50	0
1	26.8	55180	427	51	0
2	26.8	36258	427	51	0
1	26.85	55180	427	51	0
2	26.85	36344	428	51	0
1	26.9	55247	428	52	0
2	26.9	36344	428	51	0
1	26.95	55314	429	52	0
2	26.95	36430	429	52	0
1	27	55381	430	53	0
2	27	36516	430	53	0
1	27.05	55448	431	53	0
2	27.05	36602	431	53	0
1	27.1	55448	431	53	0
2	27.1	36602	431	53	0
1	27.15	55515	432	53	0
2	27.15	36688	432	53	0
1	27.2	55582	433	54	0
2	27.2	36774	433	54	0
1	27.25	55582	433	54	0
2	27.25	36860	434	54	0
1	27.3	55654	434	51	0
2	27.3	36860	434	54	0
1	27.35	55721	435	51	0
2	27.35	36946	435	51	0
1	27.4	55788	436	53	0
2	27.4	37032	436	53	0
1	27.45	55855	437	53	0
2	27.45	37118	437	53	0
1	27.5	55855	437	53	0
2	27.5	37204	438	50	0
1	27.55	55922	438	50	0
2	27.55	37204	438	50	0
1	27.6	55989	439	53	0
2	27.6	37290	439	53	0
1	27.65	56056	440	53	0
2	27.65	37376	440	53	0
1	27.7	56056	440	53	0
2	27.7	37462	441	52	0
1	27.75	56123	441	52	0
2	27.75	37462	441	52	0
1	27.8	56190	442	51	0
2	27.8	37548	442	51	0
1	27.85	56257	443	51	0
2	27.85	37634	443	51	0
1	27.9	56257	443	51	0
2	27.9	37720	444	54	0
1	27.95	56324	444	54	0
2	27.95	37720	444	54	0
1	28	56396	445	50	0
2	28	37806	445	50	0
1	28.05	56463	446	50	0
2	28.05	37892	446	50	0
1	28.1	56530	447	52	0
2	28.1	37978	447	52	0
1	28.15	56530	447	52	0
2	28.15	38064	448	52	0
1	28.2	56597	448	52	0
2	28.2	38064	448	52	0
1	28.25	56664	449	52	0
2	28.25	38150	449	52	0
1	28.3	56731	450	54	0
2	28.3	38236	450	54	0
1	28.35	56798	451	54	0
2	28.35	38322	451	54	0
1	28.4	56798	451	54	0
2	28.4	38408	452	51	0
1	28.45	56865	452	51	0
2	28.45	38408	452	51	0
1	28.5	56932	453	51	0
2	28.5	38494	453	51	0
1	28.55	56999	454	51	0
2	28.55	38580	454	51	0
1	28.6	56999	454	51	0
2	28.6	38666	455	52	0
1	28.65	57066	455	52	0
2	28.65	38666	455	52	0
1	28.7	57138	456	51	0
2	28.7	38752	456	51	0
1	28.75	57205	457	51	0
2	28.75	38838	457	51	0
1	28.8	57205	457	51	0
2	28.8	38924	458	54	0
1	28.85	57272	458	54	0
2	28.85	38924	458	54	0
1	28.9	57339	459	54	0
2	28.9	39010	459	54	0
1	28.95	57406	460	54	0
2	28.95	39096	460	54	0
1	29	57473	461	54	0
2	29	39182	461	54	0
1	29.05	57473	461	54	0
2	29.05	39182	461	54	0
1	29.1	57540	462	51	0
2	29.1	39268	462	54	0
1	29.15	57607	463	51	0
2	29.15	39354	463	51	0
1	29.2	57674	464	51	0
2	29.2	39440	464	51	0
1	29.25	57674	464	51	0
2	29.25	39526	465	51	0
1	29.3	57741	465	52	0
2	29.3	39526	465	51	0
1	29.35	57808	466	52	0
2	29.35	39612	466	52	0
1	29.4	57880	467	51	0
2	29.4	39698	467	51	0
1	29.45	57880	467	51	0
2	29.45	39784	468	51	0
1	29.5	57947	468	53	0
2	29.5	39784	468	51	0
1	29.55	58014	469	53	0
2	29.55	39870	469	53	0
1	29.6	58081	470	51	0
2	29.6	39956	470	51	0
1	29.65	58148	471	51	0
2	29.65	40042	471	51	0
1	29.7	58148	471	51	0
2	29.7	40128	472	51	0
1	29.75	58215	472	51	0
2	29.75	40128	472	51	0
1	29.8	58282	473	54	0
2	29.8	40214	473	54	0
1	29.85	58349	474	54	0
2	29.85	40300	474	54	0
1	29.9	58349	474	54	0
2	29.9	40386	475	51	0
1	29.95	58416	475	51	0
2	29.95	40386	475	51	0
