1	1.05	0	0	0	-nan
1	1.1	1260	1	53	-nan
2	1.1	0	0	0	-nan
1	1.15	1260	1	53	-nan
2	1.15	129	2	51	0
1	1.2	9838	7	55	0
2	1.2	129	2	51	0
1	1.25	9838	7	55	0
2	1.25	350	6	53	0
1	1.3	20505	15	55	0
2	1.3	408	7	53	0
1	1.35	25114	19	55	0
2	1.35	1008	14	53	0
1	1.4	25226	21	52	0
2	1.4	1491	20	52	0
1	1.45	25342	23	52	0
2	1.45	1661	22	52	0
1	1.5	25404	24	52	0
2	1.5	1831	24	52	0
1	1.55	26983	26	54	0
2	1.55	1916	25	52	0
1	1.6	27112	28	50	0
2	1.6	2086	27	50	0
1	1.65	27176	29	50	0
2	1.65	2256	29	50	0
1	1.7	28762	31	54	0
2	1.7	2341	30	52	0
1	1.75	28826	32	52	0
2	1.75	2511	32	52	0
1	1.8	28954	34	50	0
2	1.8	2596	33	50	0
1	1.85	29018	35	50	0
2	1.85	2766	35	50	0
1	1.9	29082	36	51	0
2	1.9	2851	36	51	0
1	1.95	29146	37	51	0
2	1.95	2936	37	51	0
1	2	29215	38	52	0
2	2	3021	38	52	0
1	2.05	29279	39	52	0
2	2.05	3106	39	52	0
1	2.1	29407	41	51	0
2	2.1	3191	40	51	0
1	2.15	29471	42	51	0
2	2.15	3361	42	51	0
1	2.2	29535	43	52	0
2	2.2	3446	43	52	0
1	2.25	29599	44	52	0
2	2.25	3531	44	52	0
1	2.3	29663	45	54	0
2	2.3	3616	45	54	0
1	2.35	29727	46	54	0
2	2.35	3701	46	54	0
1	2.4	29791	47	54	0
2	2.4	3786	47	50	0
1	2.45	29924	49	50	0
2	2.45	3871	48	50	0
1	2.5	29988	50	54	0
2	2.5	4041	50	54	0
1	2.55	30052	51	54	0
2	2.55	4126	51	54	0
1	2.6	30116	52	50	0
2	2.6	4211	52	50	0
1	2.65	30180	53	50	0
2	2.65	4296	53	50	0
1	2.7	30308	55	51	0
2	2.7	4381	54	51	0
1	2.75	30372	56	51	0
2	2.75	4551	56	51	0
1	2.8	30436	57	53	0
2	2.8	4636	57	53	0
1	2.85	30500	58	53	0
2	2.85	4721	58	53	0
1	2.9	30564	59	50	0
2	2.9	4806	59	50	0
1	2.95	30697	61	50	0
2	2.95	4891	60	50	0
1	3	30761	62	51	0
2	3	5061	62	51	0
1	3.05	30825	63	51	0
2	3.05	5146	63	51	0
1	3.1	30889	64	50	0
2	3.1	5231	64	50	0
1	3.15	30953	65	50	0
2	3.15	5316	65	50	0
1	3.2	31017	66	51	0
2	3.2	5401	66	51	0
1	3.25	31083	67	51	0
2	3.25	5486	67	51	0
1	3.3	31083	67	51	0
2	3.3	5571	68	51	0
1	3.35	31149	68	51	0
2	3.35	5571	68	51	0
1	3.4	31215	69	50	0
2	3.4	5656	69	50	0
1	3.45	31281	70	50	0
2	3.45	5741	70	50	0
1	3.5	31352	71	52	0
2	3.5	5826	71	52	0
1	3.55	31352	71	52	0
2	3.55	5911	72	52	0
1	3.6	31418	72	52	0
2	3.6	5911	72	52	0
1	3.65	31484	73	52	0
2	3.65	5996	73	52	0
1	3.7	31550	74	52	0
2	3.7	6081	74	52	0
1	3.75	31550	74	52	0
2	3.75	6166	75	52	0
1	3.8	31616	75	53	0
2	3.8	6166	75	52	0
1	3.85	31682	76	53	0
2	3.85	6251	76	53	0
1	3.9	31748	77	53	0
2	3.9	6336	77	53	0
1	3.95	31814	78	53	0
2	3.95	6421	78	53	0
1	4	31814	78	53	0
2	4	6506	79	50	0
1	4.05	31880	79	50	0
2	4.05	6506	79	50	0
1	4.1	31946	80	52	0
2	4.1	6591	80	52	0
1	4.15	32012	81	52	0
2	4.15	6676	81	52	0
1	4.2	32012	81	52	0
2	4.2	6761	82	52	0
1	4.25	32083	82	52	0
2	4.25	6761	82	52	0
1	4.3	32149	83	54	0
2	4.3	6846	83	54	0
1	4.35	32215	84	54	0
2	4.35	6931	84	54	0
1	4.4	32215	84	54	0
2	4.4	7016	85	51	0
1	4.45	32281	85	51	0
2	4.45	7016	85	51	0
1	4.5	32347	86	54	0
2	4.5	7101	86	54	0
1	4.55	32413	87	54	0
2	4.55	7186	87	54	0
1	4.6	32479	88	51	0
2	4.6	7271	88	51	0
1	4.65	32479	88	51	0
2	4.65	7356	89	51	0
1	4.7	32545	89	54	0
2	4.7	7356	89	51	0
1	4.75	32611	90	54	0
2	4.75	7441	90	54	0
1	4.8	32611	90	54	0
2	4.8	7526	91	50	0
1	4.85	32677	91	50	0
2	4.85	7526	91	50	0
1	4.9	32743	92	53	0
2	4.9	7611	92	53	0
1	4.95	32814	93	53	0
2	4.95	7696	93	53	0
1	5	32880	94	54	0
2	5	7781	94	54	0
1	5.05	32880	94	54	0
2	5.05	7866	95	54	0
1	5.1	32946	95	50	0
2	5.1	7866	95	54	0
1	5.15	33012	96	50	0
2	5.15	7951	96	50	0
1	5.2	33078	97	51	0
2	5.2	8036	97	51	0
1	5.25	33144	98	51	0
2	5.25	8121	98	51	0
1	5.3	33144	98	51	0
2	5.3	8206	99	54	0
1	5.35	33210	99	54	0
2	5.35	8206	99	54	0
1	5.4	33276	100	51	0
2	5.4	8291	100	51	0
1	5.45	33342	101	51	0
2	5.45	8376	101	51	0
1	5.5	33342	101	51	0
2	5.5	8461	102	51	0
1	5.55	33408	102	51	0
2	5.55	8461	102	51	0
1	5.6	33474	103	51	0
2	5.6	8546	103	51	0
1	5.65	33545	104	51	0
2	5.65	8631	104	51	0
1	5.7	33611	105	50	0
2	5.7	8716	105	50	0
1	5.75	33611	105	50	0
2	5.75	8801	106	50	0
1	5.8	33677	106	52	0
2	5.8	8801	106	50	0
1	5.85	33743	107	52	0
2	5.85	8886	107	52	0
1	5.9	33809	108	53	0
2	5.9	8971	108	53	0
1	5.95	33809	108	53	0
2	5.95	9056	109	53	0
1	6	33875	109	50	0
2	6	9056	109	53	0
1	6.05	33941	110	50	0
2	6.05	9141	110	50	0
1	6.1	34007	111	54	0
2	6.1	9226	111	54	0
1	6.15	34073	112	54	0
2	6.15	9311	112	54	0
1	6.2	34073	112	54	0
2	6.2	9311	112	54	0
1	6.25	34139	113	52	0
2	6.25	9396	113	52	0
1	6.3	34205	114	51	0
2	6.3	9481	114	51	0
1	6.35	34276	115	51	0
2	6.35	9566	115	51	0
1	6.4	34276	115	51	0
2	6.4	9651	116	53	0
1	6.45	34342	116	53	0
2	6.45	9651	116	53	0
1	6.5	34408	117	51	0
2	6.5	9736	117	51	0
1	6.55	34474	118	51	0
2	6.55	9821	118	51	0
1	6.6	34540	119	51	0
2	6.6	9906	119	51	0
1	6.65	34540	119	51	0
2	6.65	9991	120	51	0
1	6.7	34606	120	52	0
2	6.7	9991	120	51	0
1	6.75	34672	121	52	0
2	6.75	10076	121	52	0
1	6.8	34738	122	51	0
2	6.8	10161	122	51	0
1	6.85	34738	122	51	0
2	6.85	10246	123	51	0
1	6.9	34804	123	51	0
2	6.9	10246	123	51	0
1	6.95	34870	124	51	0
2	6.95	10331	124	51	0
1	7	34936	125	50	0
2	7	10416	125	50	0
1	7.05	35007	126	50	0
2	7.05	10501	126	50	0
1	7.1	35007	126	50	0
2	7.1	10586	127	54	0
1	7.15	35073	127	54	0
2	7.15	10586	127	54	0
1	7.2	35139	128	52	0
2	7.2	10671	128	52	0
1	7.25	35205	129	52	0
2	7.25	10756	129	52	0
1	7.3	35205	129	52	0
2	7.3	10841	130	53	0
1	7.35	35271	130	53	0
2	7.35	10841	130	53	0
1	7.4	35337	131	52	0
2	7.4	10926	131	52	0
1	7.45	35403	132	52	0
2	7.45	11011	132	52	0
1	7.5	35469	133	51	0
2	7.5	11096	133	51	0
1	7.55	35469	133	51	0
2	7.55	11181	134	51	0
1	7.6	35535	134	53	0
2	7.6	11181	134	51	0
1	7.65	35601	135	53	0
2	7.65	11266	135	53	0
1	7.7	35667	136	54	0
2	7.7	11351	136	54	0
1	7.75	35667	136	54	0
2	7.75	11436	137	54	0
1	7.8	35738	137	52	0
2	7.8	11436	137	54	0
1	7.85	35804	138	52	0
2	7.85	11521	138	52	0
1	7.9	35870	139	51	0
2	7.9	11606	139	51	0
1	7.95	35870	139	51	0
2	7.95	11691	140	51	0
1	8	35936	140	51	0
2	8	11691	140	51	0
1	8.05	36002	141	51	0
2	8.05	11776	141	51	0
1	8.1	36068	142	53	0
2	8.1	11861	142	53	0
1	8.15	36134	143	53	0
2	8.15	11946	143	53	0
1	8.2	36134	143	53	0
2	8.2	12031	144	50	0
1	8.25	36200	144	50	0
2	8.25	12031	144	50	0
1	8.3	36266	145	51	0
2	8.3	12116	145	51	0
1	8.35	36332	146	51	0
2	8.35	12201	146	51	0
1	8.4	36398	147	52	0
2	8.4	12286	147	52	0
1	8.45	36398	147	52	0
2	8.45	12286	147	52	0
1	8.5	36469	148	51	0
2	8.5	12371	148	52	0
1	8.55	36535	149	51	0
2	8.55	12456	149	51	0
1	8.6	36601	150	50	0
2	8.6	12541	150	50	0
1	8.65	36601	150	50	0
2	8.65	12626	151	50	0
1	8.7	36667	151	52	0
2	8.7	12626	151	50	0
1	8.75	36733	152	52	0
2	8.75	12711	152	52	0
1	8.8	36799	153	54	0
2	8.8	12796	153	54	0
1	8.85	36799	153	54	0
2	8.85	12881	154	54	0
1	8.9	36865	154	54	0
2	8.9	12881	154	54	0
1	8.95	36931	155	54	0
2	8.95	12966	155	54	0
1	9	36997	156	50	0
2	9	13051	156	50	0
1	9.05	37063	157	50	0
2	9.05	13136	157	50	0
1	9.1	37063	157	50	0
2	9.1	13221	158	54	0
1	9.15	37129	158	54	0
2	9.15	13221	158	54	0
1	9.2	37200	159	52	0
2	9.2	13306	159	52	0
1	9.25	37266	160	52	0
2	9.25	13391	160	52	0
1	9.3	37266	160	52	0
2	9.3	13476	161	50	0
1	9.35	37332	161	50	0
2	9.35	13476	161	50	0
1	9.4	37398	162	53	0
2	9.4	13561	162	53	0
1	9.45	37464	163	53	0
2	9.45	13646	163	53	0
1	9.5	37530	164	50	0
2	9.5	13731	164	50	0
1	9.55	37530	164	50	0
2	9.55	13816	165	50	0
1	9.6	37596	165	52	0
2	9.6	13816	165	50	0
1	9.65	37662	166	52	0
2	9.65	13901	166	52	0
1	9.7	37728	167	51	0
2	9.7	13986	167	51	0
1	9.75	37728	167	51	0
2	9.75	14071	168	51	0
1	9.8	37794	168	51	0
2	9.8	14071	168	51	0
1	9.85	37860	169	51	0
2	9.85	14156	169	51	0
1	9.9	37931	170	51	0
2	9.9	14241	170	51	0
1	9.95	37997	171	51	0
2	9.95	14326	171	51	0
1	10	37997	171	51	0
2	10	14411	172	50	0
1	10.05	38063	172	50	0
2	10.05	14411	172	50	0
1	10.1	38129	173	51	0
2	10.1	14496	173	51	0
1	10.15	38195	174	51	0
2	10.15	14581	174	51	0
1	10.2	38261	175	50	0
2	10.2	14666	175	50	0
1	10.25	38261	175	50	0
2	10.25	14751	176	50	0
1	10.3	38327	176	52	0
2	10.3	14751	176	50	0
1	10.35	38393	177	52	0
2	10.35	14836	177	52	0
1	10.4	38459	178	52	0
2	10.4	14921	178	52	0
1	10.45	38459	178	52	0
2	10.45	15006	179	52	0
1	10.5	38525	179	52	0
2	10.5	15006	179	52	0
1	10.55	38591	180	52	0
2	10.55	15091	180	52	0
1	10.6	38662	181	50	0
2	10.6	15176	181	50	0
1	10.65	38728	182	50	0
2	10.65	15261	182	50	0
1	10.7	38728	182	50	0
2	10.7	15346	183	53	0
1	10.75	38794	183	53	0
2	10.75	15346	183	53	0
1	10.8	38860	184	51	0
2	10.8	15431	184	51	0
1	10.85	38926	185	51	0
2	10.85	15516	185	51	0
1	10.9	38926	185	51	0
2	10.9	15601	186	53	0
1	10.95	38992	186	53	0
2	10.95	15601	186	53	0
1	11	39058	187	53	0
2	11	15686	187	53	0
1	11.05	39124	188	53	0
2	11.05	15771	188	53	0
1	11.1	39190	189	52	0
2	11.1	15856	189	52	0
1	11.15	39190	189	52	0
2	11.15	15941	190	52	0
1	11.2	39256	190	52	0
2	11.2	15941	190	52	0
1	11.25	39322	191	52	0
2	11.25	16026	191	52	0
1	11.3	39393	192	54	0
2	11.3	16111	192	54	0
1	11.35	39393	192	54	0
2	11.35	16196	193	54	0
1	11.4	39459	193	53	0
2	11.4	16196	193	54	0
1	11.45	39525	194	53	0
2	11.45	16281	194	53	0
1	11.5	39591	195	50	0
2	11.5	16366	195	50	0
1	11.55	39591	195	50	0
2	11.55	16451	196	50	0
1	11.6	39657	196	50	0
2	11.6	16451	196	50	0
1	11.65	39723	197	50	0
2	11.65	16536	197	50	0
1	11.7	39789	198	50	0
2	11.7	16621	198	50	0
1	11.75	39855	199	50	0
2	11.75	16706	199	50	0
1	11.8	39855	199	50	0
2	11.8	16791	200	51	0
1	11.85	39921	200	51	0
2	11.85	16791	200	51	0
1	11.9	39987	201	50	0
2	11.9	16876	201	50	0
1	11.95	40053	202	50	0
2	11.95	16961	202	50	0
1	12	40124	203	54	0
2	12	17046	203	54	0
1	12.05	40124	203	54	0
2	12.05	17131	204	54	0
1	12.1	40190	204	52	0
2	12.1	17131	204	54	0
1	12.15	40256	205	52	0
2	12.15	17216	205	52	0
1	12.2	40322	206	53	0
2	12.2	17301	206	53	0
1	12.25	40322	206	53	0
2	12.25	17386	207	53	0
1	12.3	40388	207	50	0
2	12.3	17386	207	53	0
1	12.35	40454	208	50	0
2	12.35	17471	208	50	0
1	12.4	40520	209	53	0
2	12.4	17556	209	53	0
1	12.45	40586	210	53	0
2	12.45	17641	210	53	0
1	12.5	40586	210	53	0
2	12.5	17641	210	53	0
1	12.55	40652	211	53	0
2	12.55	17726	211	53	0
1	12.6	40718	212	50	0
2	12.6	17811	212	50	0
1	12.65	40784	213	50	0
2	12.65	17896	213	50	0
1	12.7	40784	213	50	0
2	12.7	17981	214	54	0
1	12.75	40855	214	54	0
2	12.75	17981	214	54	0
1	12.8	40921	215	50	0
2	12.8	18066	215	50	0
1	12.85	40987	216	50	0
2	12.85	18151	216	50	0
1	12.9	41053	217	53	0
2	12.9	18236	217	53	0
1	12.95	41053	217	53	0
2	12.95	18321	218	53	0
1	13	41119	218	50	0
2	13	18321	218	53	0
1	13.05	41185	219	50	0
2	13.05	18406	219	50	0
1	13.1	41251	220	52	0
2	13.1	18491	220	52	0
1	13.15	41251	220	52	0
2	13.15	18576	221	52	0
1	13.2	41317	221	52	0
2	13.2	18576	221	52	0
1	13.25	41383	222	52	0
2	13.25	18661	222	52	0
1	13.3	41449	223	54	0
2	13.3	18746	223	54	0
1	13.35	41515	224	54	0
2	13.35	18831	224	54	0
1	13.4	41515	224	54	0
2	13.4	18831	224	54	0
1	13.45	41586	225	52	0
2	13.45	18916	225	52	0
1	13.5	41652	226	53	0
2	13.5	19001	226	53	0
1	13.55	41718	227	53	0
2	13.55	19086	227	53	0
1	13.6	41718	227	53	0
2	13.6	19171	228	50	0
1	13.65	41784	228	50	0
2	13.65	19171	228	50	0
1	13.7	41850	229	54	0
2	13.7	19256	229	54	0
1	13.75	41916	230	54	0
2	13.75	19341	230	54	0
1	13.8	41916	230	54	0
2	13.8	19426	231	54	0
1	13.85	41982	231	54	0
2	13.85	19426	231	54	0
1	13.9	42048	232	53	0
2	13.9	19511	232	53	0
1	13.95	42114	233	53	0
2	13.95	19596	233	53	0
1	14	42114	233	53	0
2	14	19681	234	52	0
1	14.05	42180	234	52	0
2	14.05	19681	234	52	0
1	14.1	42246	235	52	0
2	14.1	19766	235	52	0
1	14.15	42317	236	52	0
2	14.15	19851	236	52	0
1	14.2	42383	237	53	0
2	14.2	19936	237	53	0
1	14.25	42383	237	53	0
2	14.25	19936	237	53	0
1	14.3	42449	238	50	0
2	14.3	20021	238	53	0
1	14.35	42515	239	50	0
2	14.35	20106	239	50	0
1	14.4	42581	240	54	0
2	14.4	20191	240	54	0
1	14.45	42581	240	54	0
2	14.45	20276	241	54	0
1	14.5	42647	241	54	0
2	14.5	20276	241	54	0
1	14.55	42713	242	54	0
2	14.55	20361	242	54	0
1	14.6	42779	243	52	0
2	14.6	20446	243	52	0
1	14.65	42779	243	52	0
2	14.65	20531	244	52	0
1	14.7	42845	244	53	0
2	14.7	20531	244	52	0
1	14.75	42911	245	53	0
2	14.75	20616	245	53	0
1	14.8	42977	246	54	0
2	14.8	20701	246	54	0
1	14.85	42977	246	54	0
2	14.85	20786	247	54	0
1	14.9	43048	247	50	0
2	14.9	20786	247	54	0
1	14.95	43114	248	50	0
2	14.95	20871	248	50	0
1	15	43180	249	52	0
2	15	20956	249	52	0
1	15.05	43246	250	52	0
2	15.05	21041	250	52	0
1	15.1	43246	250	52	0
2	15.1	21126	251	52	0
1	15.15	43312	251	52	0
2	15.15	21126	251	52	0
1	15.2	43378	252	50	0
2	15.2	21211	252	50	0
1	15.25	43444	253	50	0
2	15.25	21296	253	50	0
1	15.3	43444	253	50	0
2	15.3	21381	254	54	0
1	15.35	43510	254	54	0
2	15.35	21381	254	54	0
1	15.4	43576	255	53	0
2	15.4	21466	255	53	0
1	15.45	43643	256	53	0
2	15.45	21552	256	53	0
1	15.5	43710	257	54	0
2	15.5	21638	257	54	0
1	15.55	43710	257	54	0
2	15.55	21638	257	54	0
1	15.6	43782	258	50	0
2	15.6	21724	258	54	0
1	15.65	43849	259	50	0
2	15.65	21810	259	50	0
1	15.7	43916	260	52	0
2	15.7	21896	260	52	0
1	15.75	43916	260	52	0
2	15.75	21982	261	52	0
1	15.8	43983	261	53	0
2	15.8	21982	261	52	0
1	15.85	44050	262	53	0
2	15.85	22068	262	53	0
1	15.9	44117	263	52	0
2	15.9	22154	263	52	0
1	15.95	44184	264	52	0
2	15.95	22240	264	52	0
1	16	44184	264	52	0
2	16	22240	264	52	0
1	16.05	44251	265	53	0
2	16.05	22326	265	53	0
1	16.1	44318	266	51	0
2	16.1	22412	266	51	0
1	16.15	44385	267	51	0
2	16.15	22498	267	51	0
1	16.2	44385	267	51	0
2	16.2	22584	268	52	0
1	16.25	44452	268	52	0
2	16.25	22584	268	52	0
1	16.3	44524	269	50	0
2	16.3	22670	269	50	0
1	16.35	44591	270	50	0
2	16.35	22756	270	50	0
1	16.4	44658	271	51	0
2	16.4	22842	271	51	0
1	16.45	44658	271	51	0
2	16.45	22928	272	51	0
1	16.5	44725	272	54	0
2	16.5	22928	272	51	0
1	16.55	44792	273	54	0
2	16.55	23014	273	54	0
1	16.6	44859	274	51	0
2	16.6	23100	274	51	0
1	16.65	44859	274	51	0
2	16.65	23186	275	51	0
1	16.7	44926	275	54	0
2	16.7	23186	275	51	0
1	16.75	44993	276	54	0
2	16.75	23272	276	54	0
1	16.8	45060	277	50	0
2	16.8	23358	277	50	0
1	16.85	45127	278	50	0
2	16.85	23444	278	50	0
1	16.9	45127	278	50	0
2	16.9	23444	278	50	0
1	16.95	45194	279	54	0
2	16.95	23530	279	54	0
1	17	45266	280	53	0
2	17	23616	280	53	0
1	17.05	45333	281	53	0
2	17.05	23702	281	53	0
1	17.1	45333	281	53	0
2	17.1	23788	282	50	0
1	17.15	45400	282	50	0
2	17.15	23788	282	50	0
1	17.2	45467	283	52	0
2	17.2	23874	283	52	0
1	17.25	45534	284	52	0
2	17.25	23960	284	52	0
1	17.3	45534	284	52	0
2	17.3	24046	285	51	0
1	17.35	45601	285	51	0
2	17.35	24046	285	51	0
1	17.4	45668	286	53	0
2	17.4	24132	286	53	0
1	17.45	45735	287	53	0
2	17.45	24218	287	53	0
1	17.5	45802	288	53	0
2	17.5	24304	288	53	0
1	17.55	45802	288	53	0
2	17.55	24304	288	53	0
1	17.6	45869	289	52	0
2	17.6	24390	289	53	0
1	17.65	45936	290	52	0
2	17.65	24476	290	52	0
1	17.7	46008	291	50	0
2	17.7	24562	291	50	0
1	17.75	46008	291	50	0
2	17.75	24648	292	50	0
1	17.8	46075	292	50	0
2	17.8	24648	292	50	0
1	17.85	46142	293	50	0
2	17.85	24734	293	50	0
1	17.9	46209	294	51	0
2	17.9	24820	294	51	0
1	17.95	46276	295	51	0
2	17.95	24906	295	51	0
1	18	46276	295	51	0
2	18	24992	296	54	0
1	18.05	46343	296	54	0
2	18.05	24992	296	54	0
1	18.1	46410	297	54	0
2	18.1	25078	297	54	0
1	18.15	46477	298	54	0
2	18.15	25164	298	54	0
1	18.2	46477	298	54	0
2	18.2	25250	299	53	0
1	18.25	46544	299	53	0
2	18.25	25250	299	53	0
1	18.3	46611	300	51	0
2	18.3	25336	300	51	0
1	18.35	46678	301	51	0
2	18.35	25422	301	51	0
1	18.4	46750	302	50	0
2	18.4	25508	302	50	0
1	18.45	46750	302	50	0
2	18.45	25594	303	50	0
1	18.5	46817	303	50	0
2	18.5	25594	303	50	0
1	18.55	46884	304	50	0
2	18.55	25680	304	50	0
1	18.6	46951	305	51	0
2	18.6	25766	305	51	0
1	18.65	46951	305	51	0
2	18.65	25852	306	51	0
1	18.7	47018	306	51	0
2	18.7	25852	306	51	0
1	18.75	47085	307	52	0
2	18.75	25938	307	52	0
1	18.8	47152	308	54	0
2	18.8	26024	308	54	0
1	18.85	47152	308	54	0
2	18.85	26110	309	54	0
1	18.9	47219	309	54	0
2	18.9	26110	309	54	0
1	18.95	47286	310	50	0
2	18.95	26196	310	50	0
1	19	47353	311	52	0
2	19	26282	311	52	0
1	19.05	47420	312	52	0
2	19.05	26368	312	52	0
1	19.1	47420	312	52	0
2	19.1	26454	313	53	0
1	19.15	47492	313	53	0
2	19.15	26454	313	53	0
1	19.2	47559	314	53	0
2	19.2	26540	314	53	0
1	19.25	47626	315	53	0
2	19.25	26626	315	53	0
1	19.3	47626	315	53	0
2	19.3	26712	316	53	0
1	19.35	47693	316	53	0
2	19.35	26712	316	53	0
1	19.4	47760	317	53	0
2	19.4	26798	317	53	0
1	19.45	47827	318	53	0
2	19.45	26884	318	53	0
1	19.5	47827	318	53	0
2	19.5	26970	319	52	0
1	19.55	47894	319	52	0
2	19.55	26970	319	52	0
1	19.6	47961	320	52	0
2	19.6	27056	320	52	0
1	19.65	48028	321	52	0
2	19.65	27142	321	52	0
1	19.7	48095	322	52	0
2	19.7	27228	322	52	0
1	19.75	48095	322	52	0
2	19.75	27314	323	52	0
1	19.8	48162	323	51	0
2	19.8	27314	323	52	0
1	19.85	48234	324	51	0
2	19.85	27400	324	51	0
1	19.9	48301	325	52	0
2	19.9	27486	325	52	0
1	19.95	48301	325	52	0
2	19.95	27572	326	52	0
1	20	48368	326	52	0
2	20	27572	326	52	0
1	20.05	48435	327	50	0
2	20.05	27658	327	50	0
1	20.1	48502	328	51	0
2	20.1	27744	328	51	0
1	20.15	48569	329	51	0
2	20.15	27830	329	51	0
1	20.2	48569	329	51	0
2	20.2	27916	330	51	0
1	20.25	48636	330	51	0
2	20.25	27916	330	51	0
1	20.3	48703	331	52	0
2	20.3	28002	331	52	0
1	20.35	48770	332	52	0
2	20.35	28088	332	52	0
1	20.4	48770	332	52	0
2	20.4	28174	333	54	0
1	20.45	48837	333	54	0
2	20.45	28174	333	54	0
1	20.5	48904	334	52	0
2	20.5	28260	334	52	0
1	20.55	48976	335	52	0
2	20.55	28346	335	52	0
1	20.6	49043	336	51	0
2	20.6	28432	336	51	0
1	20.65	49043	336	51	0
2	20.65	28518	337	51	0
1	20.7	49110	337	51	0
2	20.7	28518	337	51	0
1	20.75	49177	338	51	0
2	20.75	28604	338	51	0
1	20.8	49244	339	50	0
2	20.8	28690	339	50	0
1	20.85	49311	340	50	0
2	20.85	28776	340	50	0
1	20.9	49311	340	50	0
2	20.9	28862	341	50	0
1	20.95	49378	341	50	0
2	20.95	28862	341	50	0
1	21	49445	342	51	0
2	21	28948	342	51	0
1	21.05	49512	343	51	0
2	21.05	29034	343	51	0
1	21.1	49579	344	52	0
2	21.1	29120	344	52	0
1	21.15	49579	344	52	0
2	21.15	29120	344	52	0
1	21.2	49646	345	50	0
2	21.2	29206	345	52	0
1	21.25	49718	346	50	0
2	21.25	29292	346	50	0
1	21.3	49785	347	54	0
2	21.3	29378	347	54	0
1	21.35	49785	347	54	0
2	21.35	29464	348	54	0
1	21.4	49852	348	50	0
2	21.4	29464	348	54	0
1	21.45	49919	349	50	0
2	21.45	29550	349	50	0
1	21.5	49986	350	53	0
2	21.5	29636	350	53	0
1	21.55	49986	350	53	0
2	21.55	29722	351	53	0
1	21.6	50053	351	53	0
2	21.6	29722	351	53	0
1	21.65	50120	352	52	0
2	21.65	29808	352	52	0
1	21.7	50187	353	53	0
2	21.7	29894	353	53	0
1	21.75	50254	354	53	0
2	21.75	29980	354	53	0
1	21.8	50254	354	53	0
2	21.8	30066	355	50	0
1	21.85	50321	355	50	0
2	21.85	30066	355	50	0
1	21.9	50388	356	52	0
2	21.9	30152	356	52	0
1	21.95	50460	357	52	0
2	21.95	30238	357	52	0
1	22	50460	357	52	0
2	22	30324	358	51	0
1	22.05	50527	358	51	0
2	22.05	30324	358	51	0
1	22.1	50594	359	53	0
2	22.1	30410	359	53	0
1	22.15	50661	360	53	0
2	22.15	30496	360	53	0
1	22.2	50661	360	53	0
2	22.2	30582	361	52	0
1	22.25	50728	361	52	0
2	22.25	30582	361	52	0
1	22.3	50795	362	51	0
2	22.3	30668	362	51	0
1	22.35	50862	363	51	0
2	22.35	30754	363	51	0
1	22.4	50929	364	54	0
2	22.4	30840	364	54	0
1	22.45	50929	364	54	0
2	22.45	30926	365	54	0
1	22.5	50996	365	50	0
2	22.5	30926	365	54	0
1	22.55	51063	366	50	0
2	22.55	31012	366	50	0
1	22.6	51130	367	50	0
2	22.6	31098	367	50	0
1	22.65	51202	368	50	0
2	22.65	31184	368	50	0
1	22.7	51202	368	50	0
2	22.7	31270	369	53	0
1	22.75	51269	369	53	0
2	22.75	31270	369	53	0
1	22.8	51336	370	50	0
2	22.8	31356	370	50	0
1	22.85	51403	371	50	0
2	22.85	31442	371	50	0
1	22.9	51403	371	50	0
2	22.9	31528	372	53	0
1	22.95	51470	372	53	0
2	22.95	31528	372	53	0
1	23	51537	373	52	0
2	23	31614	373	52	0
1	23.05	51604	374	52	0
2	23.05	31700	374	52	0
1	23.1	51671	375	51	0
2	23.1	31786	375	51	0
1	23.15	51671	375	51	0
2	23.15	31872	376	51	0
1	23.2	51738	376	52	0
2	23.2	31872	376	51	0
1	23.25	51805	377	52	0
2	23.25	31958	377	52	0
1	23.3	51872	378	54	0
2	23.3	32044	378	54	0
1	23.35	51872	378	54	0
2	23.35	32130	379	54	0
1	23.4	51944	379	50	0
2	23.4	32130	379	54	0
1	23.45	52011	380	50	0
2	23.45	32216	380	50	0
1	23.5	52078	381	52	0
2	23.5	32302	381	52	0
1	23.55	52145	382	52	0
2	23.55	32388	382	52	0
1	23.6	52145	382	52	0
2	23.6	32388	382	52	0
1	23.65	52212	383	52	0
2	23.65	32474	383	52	0
1	23.7	52279	384	50	0
2	23.7	32560	384	50	0
1	23.75	52346	385	50	0
2	23.75	32646	385	50	0
1	23.8	52346	385	50	0
2	23.8	32732	386	54	0
1	23.85	52413	386	54	0
2	23.85	32732	386	54	0
1	23.9	52480	387	52	0
2	23.9	32818	387	52	0
1	23.95	52547	388	52	0
2	23.95	32904	388	52	0
1	24	52614	389	52	0
2	24	32990	389	52	0
1	24.05	52614	389	52	0
2	24.05	33076	390	52	0
1	24.1	52686	390	50	0
2	24.1	33076	390	52	0
1	24.15	52753	391	50	0
2	24.15	33162	391	50	0
1	24.2	52820	392	54	0
2	24.2	33248	392	54	0
1	24.25	52820	392	54	0
2	24.25	33334	393	54	0
1	24.3	52887	393	50	0
2	24.3	33334	393	54	0
1	24.35	52954	394	50	0
2	24.35	33420	394	50	0
1	24.4	53021	395	50	0
2	24.4	33506	395	50	0
1	24.45	53088	396	50	0
2	24.45	33592	396	50	0
1	24.5	53088	396	50	0
2	24.5	33678	397	52	0
1	24.55	53155	397	52	0
2	24.55	33678	397	52	0
1	24.6	53222	398	54	0
2	24.6	33764	398	54	0
1	24.65	53289	399	54	0
2	24.65	33850	399	54	0
1	24.7	53289	399	54	0
2	24.7	33936	400	51	0
1	24.75	53356	400	51	0
2	24.75	33936	400	51	0
1	24.8	53428	401	52	0
2	24.8	34022	401	52	0
1	24.85	53495	402	52	0
2	24.85	34108	402	52	0
1	24.9	53562	403	54	0
2	24.9	34194	403	54	0
1	24.95	53562	403	54	0
2	24.95	34280	404	54	0
1	25	53629	404	52	0
2	25	34280	404	54	0
1	25.05	53696	405	52	0
2	25.05	34366	405	52	0
1	25.1	53763	406	53	0
2	25.1	34452	406	53	0
1	25.15	53763	406	53	0
2	25.15	34452	406	53	0
1	25.2	53830	407	50	0
2	25.2	34538	407	53	0
1	25.25	53897	408	50	0
2	25.25	34624	408	50	0
1	25.3	53964	409	51	0
2	25.3	34710	409	51	0
1	25.35	53964	409	51	0
2	25.35	34796	410	51	0
1	25.4	54031	410	51	0
2	25.4	34796	410	51	0
1	25.45	54098	411	51	0
2	25.45	34882	411	51	0
1	25.5	54170	412	53	0
2	25.5	34968	412	53	0
1	25.55	54237	413	53	0
2	25.55	35054	413	53	0
1	25.6	54237	413	53	0
2	25.6	35140	414	54	0
1	25.65	54304	414	54	0
2	25.65	35140	414	54	0
1	25.7	54371	415	52	0
2	25.7	35226	415	52	0
1	25.75	54438	416	52	0
2	25.75	35312	416	52	0
1	25.8	54505	417	50	0
2	25.8	35398	417	50	0
1	25.85	54505	417	50	0
2	25.85	35484	418	50	0
1	25.9	54572	418	53	0
2	25.9	35484	418	50	0
1	25.95	54639	419	53	0
2	25.95	35570	419	53	0
1	26	54639	419	53	0
2	26	35656	420	50	0
1	26.05	54706	420	50	0
2	26.05	35656	420	50	0
1	26.1	54773	421	52	0
2	26.1	35742	421	52	0
1	26.15	54840	422	52	0
2	26.15	35828	422	52	0
1	26.2	54912	423	52	0
2	26.2	35914	423	52	0
1	26.25	54912	423	52	0
2	26.25	36000	424	52	0
1	26.3	54979	424	54	0
2	26.3	36000	424	52	0
1	26.35	55046	425	54	0
2	26.35	36086	425	54	0
1	26.4	55113	426	54	0
2	26.4	36172	426	54	0
1	26.45	55180	427	54	0
2	26.45	36258	427	54	0
1	26.5	55180	427	54	0
2	26.5	36258	427	54	0
1	26.55	55247	428	54	0
2	26.55	36344	428	54	0
1	26.6	55314	429	54	0
2	26.6	36430	429	54	0
1	26.65	55314	429	54	0
2	26.65	36516	430	54	0
1	26.7	55381	430	54	0
2	26.7	36516	430	54	0
1	26.75	55448	431	54	0
2	26.75	36602	431	54	0
1	26.8	55515	432	51	0
2	26.8	36688	432	51	0
1	26.85	55582	433	51	0
2	26.85	36774	433	51	0
1	26.9	55582	433	51	0
2	26.9	36860	434	51	0
1	26.95	55654	434	51	0
2	26.95	36860	434	51	0
1	27	55721	435	50	0
2	27	36946	435	50	0
1	27.05	55788	436	50	0
2	27.05	37032	436	50	0
1	27.1	55855	437	51	0
2	27.1	37118	437	51	0
1	27.15	55855	437	51	0
2	27.15	37204	438	51	0
1	27.2	55922	438	54	0
2	27.2	37204	438	51	0
1	27.25	55989	439	54	0
2	27.25	37290	439	54	0
1	27.3	55989	439	54	0
2	27.3	37376	440	52	0
1	27.35	56056	440	52	0
2	27.35	37376	440	52	0
1	27.4	56123	441	53	0
2	27.4	37462	441	53	0
1	27.45	56190	442	53	0
2	27.45	37548	442	53	0
1	27.5	56257	443	50	0
2	27.5	37634	443	50	0
1	27.55	56257	443	50	0
2	27.55	37720	444	50	0
1	27.6	56324	444	50	0
2	27.6	37720	444	50	0
1	27.65	56396	445	50	0
2	27.65	37806	445	50	0
1	27.7	56463	446	52	0
2	27.7	37892	446	52	0
1	27.75	56530	447	52	0
2	27.75	37978	447	52	0
1	27.8	56530	447	52	0
2	27.8	38064	448	50	0
1	27.85	56597	448	50	0
2	27.85	38064	448	50	0
1	27.9	56664	449	53	0
2	27.9	38150	449	53	0
1	27.95	56731	450	53	0
2	27.95	38236	450	53	0
1	28	56798	451	51	0
2	28	38322	451	51	0
1	28.05	56798	451	51	0
2	28.05	38408	452	51	0
1	28.1	56865	452	54	0
2	28.1	38408	452	51	0
1	28.15	56932	453	54	0
2	28.15	38494	453	54	0
1	28.2	56932	453	54	0
2	28.2	38580	454	54	0
1	28.25	56999	454	54	0
2	28.25	38580	454	54	0
1	28.3	57066	455	50	0
2	28.3	38666	455	50	0
1	28.35	57138	456	50	0
2	28.35	38752	456	50	0
1	28.4	57205	457	52	0
2	28.4	38838	457	52	0
1	28.45	57205	457	52	0
2	28.45	38924	458	52	0
1	28.5	57272	458	52	0
2	28.5	38924	458	52	0
1	28.55	57339	459	52	0
2	28.55	39010	459	52	0
1	28.6	57406	460	50	0
2	28.6	39096	460	50	0
1	28.65	57473	461	50	0
2	28.65	39182	461	50	0
1	28.7	57473	461	50	0
2	28.7	39268	462	51	0
1	28.75	57540	462	51	0
2	28.75	39268	462	51	0
1	28.8	57607	463	53	0
2	28.8	39354	463	53	0
1	28.85	57607	463	53	0
2	28.85	39440	464	53	0
1	28.9	57741	465	51	0
2	28.9	39440	464	53	0
1	28.95	57741	465	51	0
2	28.95	39612	466	51	0
1	29	57808	466	50	0
2	29	39612	466	51	0
1	29.05	57880	467	50	0
2	29.05	39698	467	50	0
1	29.1	57880	467	50	0
2	29.1	39784	468	53	0
1	29.15	57947	468	53	0
2	29.15	39784	468	53	0
1	29.2	58014	469	53	0
2	29.2	39870	469	54	0
1	29.25	58081	470	54	0
2	29.25	39956	470	54	0
1	29.3	58148	471	54	0
2	29.3	40042	471	54	0
1	29.35	58148	471	54	0
2	29.35	40128	472	54	0
1	29.4	58215	472	51	0
2	29.4	40128	472	54	0
1	29.45	58282	473	51	0
2	29.45	40214	473	51	0
1	29.5	58349	474	54	0
2	29.5	40300	474	54	0
1	29.55	58416	475	54	0
2	29.55	40300	474	54	0
1	29.6	58416	475	54	0
2	29.6	40472	476	50	0
1	29.65	58483	476	50	0
2	29.65	40472	476	50	0
1	29.7	58550	477	51	0
2	29.7	40558	477	51	0
1	29.75	58550	477	51	0
2	29.75	40644	478	51	0
1	29.8	58622	478	53	0
2	29.8	40644	478	51	0
1	29.85	58689	479	53	0
2	29.85	40730	479	53	0
1	29.9	58756	480	54	0
2	29.9	40816	480	54	0
1	29.95	58823	481	54	0
2	29.95	40902	481	54	0
