1	0	0	0	0	nan
1	0	0	0	0	nan
1	0	0	0	0	nan
1	0	0	0	0	nan
1	0	0	0	0	nan
1	0	0	0	0	nan
1	0	0	0	0	nan
1	0	0	0	0	nan
1	0	0	0	0	nan
1	0	0	0	0	nan
1	0	0	0	0	nan
1	0	0	0	0	nan
1	0	0	0	0	nan
1	0	0	0	0	nan
1	0	0	0	0	nan
1	0	0	0	0	nan
1	0	0	0	0	nan
1	0	0	0	0	nan
1	0	0	0	0	nan
1	0	0	0	0	nan
1	0	0	0	0	nan
1	0	0	0	0	nan
1	0	0	0	0	nan
1	0	0	0	0	nan
1	0	0	0	0	nan
1	0	0	0	0	nan
1	0	0	0	0	nan
1	0	0	0	0	nan
1	0	0	0	0	nan
1	0	0	0	0	nan
1	0	0	0	0	nan
1	0	0	0	0	nan
1	0	0	0	0	nan
1	0	0	0	0	nan
1	0	0	0	0	nan
1	0	0	0	0	nan
1	0	0	0	0	nan
1	0	0	0	0	nan
1	0	0	0	0	nan
1	0	0	0	0	nan
1	0	0	0	0	nan
1	0	0	0	0	nan
1	0	0	0	0	nan
1	0	0	0	0	nan
1	0	0	0	0	nan
1	0	0	0	0	nan
1	0	0	0	0	nan
1	0	0	0	0	nan
1	0	0	0	0	nan
1	0	0	0	0	nan
1	0	0	0	0	nan
1	0	0	0	0	nan
1	1.05297	1260	1	52	nan
1	1.05297	1260	1	52	nan
1	1.05297	1260	1	52	nan
1	1.05297	1260	1	52	nan
1	1.05297	1260	1	52	nan
1	1.05297	1260	1	52	nan
1	1.05297	1260	1	52	nan
1	1.05297	1260	1	52	nan
1	1.05297	1260	1	52	nan
1	1.05297	1260	1	52	nan
1	1.05297	1260	1	52	nan
1	1.05297	1260	1	52	nan
1	1.05297	1260	1	52	nan
1	1.05297	1260	1	52	nan
1	1.05297	1260	1	52	nan
1	1.05297	1260	1	52	nan
1	1.05297	1260	1	52	nan
1	1.05297	1260	1	52	nan
1	1.05297	1260	1	52	nan
1	1.05297	1260	1	52	nan
1	1.05297	1260	1	52	nan
1	1.05297	1260	1	52	nan
1	1.05297	1260	1	52	nan
1	1.05297	1260	1	52	nan
1	1.05297	1260	1	52	nan
1	1.05297	1260	1	52	nan
1	1.05297	1260	1	52	nan
1	1.05297	1260	1	52	nan
1	1.05297	1260	1	52	nan
1	1.05297	1260	1	52	nan
1	1.05297	1260	1	52	nan
1	1.05297	1260	1	52	nan
1	1.05297	1260	1	52	nan
1	1.05297	1260	1	52	nan
1	1.05297	1260	1	52	nan
1	1.05297	1260	1	52	nan
1	1.05297	1260	1	52	nan
1	1.05297	1260	1	52	nan
1	1.05297	1260	1	52	nan
1	1.05297	1260	1	52	nan
1	1.05297	1260	1	52	nan
1	1.05297	1260	1	52	nan
1	1.05297	1260	1	52	nan
1	1.05297	1260	1	52	nan
1	1.05297	1260	1	52	nan
1	1.05297	1260	1	52	nan
1	1.05297	1260	1	52	nan
1	1.05297	1260	1	52	nan
1	1.05297	1260	1	52	nan
1	1.05297	1260	1	52	nan
1	1.05297	1260	1	52	nan
1	1.05297	1260	1	52	nan
1	1.05297	1260	1	52	nan
1	1.05297	1260	1	52	nan
1	1.05297	1260	1	52	nan
1	1.05297	1260	1	52	nan
1	1.05297	1260	1	52	nan
1	1.05297	1260	1	52	nan
1	1.05297	1260	1	52	nan
1	1.05297	1260	1	52	nan
1	1.05297	1260	1	52	nan
1	1.05297	1260	1	52	nan
1	1.05297	1260	1	52	nan
1	1.05297	1260	1	52	nan
1	1.05297	1260	1	52	nan
1	1.05297	1260	1	52	nan
1	1.05297	1260	1	52	nan
1	1.05297	1260	1	52	nan
1	1.05297	1260	1	52	nan
1	1.05297	1260	1	52	nan
1	1.05297	1260	1	52	nan
1	1.05297	1260	1	52	nan
1	1.05297	1260	1	52	nan
1	1.05297	1260	1	52	nan
1	1.05297	1260	1	52	nan
1	1.05297	1260	1	52	nan
1	1.05297	1260	1	52	nan
1	1.05297	1260	1	52	nan
1	1.05297	1260	1	52	nan
1	1.05297	1260	1	52	nan
1	1.05297	1260	1	52	nan
1	1.05297	1260	1	52	nan
1	1.05297	1260	1	52	nan
1	1.05297	1260	1	52	nan
1	1.05297	1260	1	52	nan
1	1.05297	1260	1	52	nan
1	1.05297	1260	1	52	nan
1	1.05297	1260	1	52	nan
1	1.05297	1260	1	52	nan
1	1.05297	1260	1	52	nan
1	1.05297	1260	1	52	nan
1	1.05297	1260	1	52	nan
1	1.05297	1260	1	52	nan
1	1.05297	1260	1	52	nan
1	1.05297	1260	1	52	nan
1	1.05297	1260	1	52	nan
1	1.05297	1260	1	52	nan
1	1.05297	1260	1	52	nan
1	1.05297	1260	1	52	nan
1	1.05297	1260	1	52	nan
1	1.05297	1260	1	52	nan
1	1.05297	1260	1	52	nan
1	1.05297	1260	1	52	nan
1	1.05297	1260	1	52	nan
1	1.15615	2522	2	52	0
1	1.15615	2522	2	52	0
1	1.15802	3784	3	53	0
1	1.15802	3784	3	53	0
1	1.16027	5293	4	56	0
1	1.16027	5293	4	56	0
1	1.16253	6802	5	58	0
1	1.16253	6802	5	58	0
1	1.16253	6802	5	58	0
1	1.16253	6802	5	58	0
1	1.16663	8320	6	52	0
1	1.16663	8320	6	52	0
1	1.16663	8320	6	52	0
1	1.16663	8320	6	52	0
1	1.16663	8320	6	52	0
1	1.16663	8320	6	52	0
1	1.16663	8320	6	52	0
1	1.16663	8320	6	52	0
1	1.16663	8320	6	52	0
1	1.16663	8320	6	52	0
1	1.17663	9838	7	52	0
1	1.17663	9838	7	52	0
1	1.17663	9838	7	52	0
1	1.17663	9838	7	52	0
1	1.17663	9838	7	52	0
1	1.17663	9838	7	52	0
1	1.17663	9838	7	52	0
1	1.17663	9838	7	52	0
1	1.17663	9838	7	52	0
1	1.17663	9838	7	52	0
1	1.17663	9838	7	52	0
1	1.17663	9838	7	52	0
1	1.17663	9838	7	52	0
1	1.17663	9838	7	52	0
1	1.17663	9838	7	52	0
1	1.17663	9838	7	52	0
1	1.17663	9838	7	52	0
1	1.17663	9838	7	52	0
1	1.17663	9838	7	52	0
1	1.17663	9838	7	52	0
1	1.17663	9838	7	52	0
1	1.17663	9838	7	52	0
1	1.17663	9838	7	52	0
1	1.17663	9838	7	52	0
1	1.17663	9838	7	52	0
1	1.17663	9838	7	52	0
1	1.17663	9838	7	52	0
1	1.17663	9838	7	52	0
1	1.17663	9838	7	52	0
1	1.17663	9838	7	52	0
1	1.17663	9838	7	52	0
1	1.17663	9838	7	52	0
